
Submit the following for a score of 19576: 
2, 1;

3, 1, 2;

3, 1, 4, 5, 2;

4, 7, 6, 2, 1, 5, 3;

4, 9, 11, 6, 10, 7, 8, 2, 1, 3, 5;

2, 9, 4, 5, 11, 12, 10, 1, 8, 13, 3, 6, 7;

2, 11, 7, 10, 15, 1, 12, 16, 5, 9, 8, 13, 3, 17, 4, 14, 6;

11, 7, 10, 16, 17, 14, 13, 2, 18, 1, 9, 8, 15, 3, 4, 6, 19, 5, 12;

18, 17, 5, 22, 11, 15, 3, 23, 20, 16, 4, 13, 1, 9, 10, 2, 6, 12, 21, 7, 19, 8, 14;

9, 8, 12, 29, 17, 21, 18, 10, 16, 5, 15, 7, 23, 13, 11, 20, 27, 6, 25, 2, 3, 24, 19, 14, 4, 1, 26, 28, 22;

6, 8, 31, 5, 16, 18, 14, 21, 25, 27, 20, 12, 17, 3, 22, 2, 7, 10, 13, 24, 1, 9, 15, 26, 11, 4, 30, 19, 28, 23, 29;

12, 15, 10, 36, 18, 2, 26, 19, 25, 13, 14, 33, 24, 37, 34, 16, 11, 3, 23, 22, 21, 5, 9, 20, 4, 31, 7, 1, 32, 8, 17, 6, 27, 35, 30, 28, 29;

28, 29, 13, 10, 41, 37, 24, 27, 35, 32, 15, 18, 1, 36, 30, 34, 5, 40, 2, 31, 11, 14, 38, 3, 4, 33, 23, 21, 17, 6, 9, 7, 26, 25, 20, 22, 16, 19, 12, 39, 8;

41, 10, 7, 24, 11, 27, 32, 25, 9, 40, 42, 15, 28, 35, 16, 20, 21, 5, 17, 6, 8, 36, 22, 23, 13, 12, 2, 18, 29, 33, 19, 26, 37, 34, 30, 3, 31, 43, 38, 4, 14, 1, 39;

25, 14, 38, 8, 12, 16, 17, 29, 28, 24, 1, 40, 46, 41, 10, 37, 11, 3, 23, 27, 36, 2, 44, 18, 42, 32, 9, 26, 39, 45, 22, 21, 30, 31, 4, 15, 5, 20, 13, 35, 6, 19, 33, 34, 47, 43, 7;

29, 49, 44, 7, 1, 33, 27, 12, 30, 36, 17, 5, 26, 4, 45, 53, 48, 42, 43, 25, 31, 23, 37, 16, 32, 28, 13, 51, 39, 11, 2, 18, 21, 8, 46, 34, 35, 14, 3, 15, 24, 52, 6, 10, 40, 9, 20, 19, 50, 41, 38, 22, 47;

2, 42, 31, 9, 37, 59, 45, 52, 58, 55, 6, 29, 15, 44, 33, 54, 7, 21, 14, 57, 23, 38, 17, 48, 46, 34, 49, 50, 47, 35, 13, 39, 11, 40, 30, 25, 22, 3, 18, 20, 1, 53, 27, 16, 12, 43, 8, 36, 28, 19, 32, 24, 56, 26, 5, 10, 41, 51, 4;

48, 32, 4, 24, 57, 42, 8, 20, 15, 26, 35, 23, 40, 21, 13, 45, 30, 28, 50, 27, 29, 49, 37, 10, 6, 3, 7, 1, 61, 60, 36, 19, 47, 16, 12, 55, 43, 33, 31, 46, 54, 14, 25, 53, 52, 51, 59, 2, 9, 41, 5, 34, 22, 38, 56, 18, 11, 39, 44, 17, 58;

50, 47, 37, 7, 5, 39, 43, 59, 13, 44, 40, 32, 63, 55, 6, 46, 57, 45, 25, 34, 8, 41, 31, 51, 3, 56, 18, 15, 19, 48, 33, 14, 10, 49, 1, 27, 38, 35, 64, 58, 26, 17, 52, 65, 61, 9, 53, 28, 21, 42, 20, 4, 11, 29, 54, 24, 2, 30, 66, 23, 16, 67, 12, 22, 36, 60, 62;

31, 53, 37, 50, 33, 13, 6, 24, 16, 44, 42, 9, 67, 18, 25, 36, 45, 71, 28, 49, 56, 23, 41, 26, 10, 46, 51, 34, 54, 47, 64, 15, 4, 29, 61, 8, 21, 35, 69, 62, 55, 58, 43, 19, 59, 27, 68, 52, 20, 11, 17, 14, 66, 1, 70, 30, 63, 22, 57, 32, 2, 38, 40, 48, 3, 39, 5, 60, 12, 65, 7;

26, 60, 22, 61, 40, 55, 1, 71, 20, 25, 45, 69, 52, 14, 42, 37, 12, 53, 33, 21, 43, 13, 47, 65, 27, 5, 16, 46, 17, 41, 31, 38, 24, 7, 8, 64, 50, 9, 2, 58, 66, 15, 6, 34, 36, 44, 68, 10, 29, 48, 18, 51, 3, 39, 4, 59, 11, 49, 57, 73, 56, 72, 23, 67, 62, 28, 63, 19, 30, 54, 32, 35, 70;

36, 33, 21, 6, 63, 19, 12, 46, 22, 41, 13, 38, 57, 50, 18, 54, 34, 14, 27, 23, 26, 78, 60, 69, 66, 32, 17, 67, 3, 72, 47, 43, 42, 24, 76, 2, 40, 75, 11, 30, 48, 35, 79, 55, 62, 71, 58, 10, 44, 45, 15, 74, 68, 53, 31, 52, 25, 59, 39, 61, 9, 64, 70, 29, 4, 56, 7, 20, 16, 5, 28, 37, 65, 51, 49, 8, 1, 73, 77;

55, 68, 47, 62, 83, 78, 29, 13, 31, 50, 26, 37, 60, 53, 48, 81, 57, 7, 71, 20, 11, 44, 73, 16, 32, 35, 14, 28, 10, 72, 24, 4, 8, 3, 64, 39, 49, 52, 2, 33, 5, 56, 15, 61, 12, 18, 43, 42, 54, 69, 19, 25, 51, 82, 79, 77, 27, 38, 22, 67, 41, 63, 46, 23, 40, 59, 30, 9, 65, 6, 66, 45, 17, 76, 21, 34, 36, 75, 58, 74, 70, 1, 80;

60, 6, 22, 42, 64, 15, 14, 88, 53, 71, 45, 32, 84, 79, 9, 59, 4, 61, 55, 51, 37, 43, 16, 20, 44, 21, 28, 2, 18, 54, 3, 63, 69, 25, 7, 39, 74, 62, 65, 33, 29, 26, 1, 67, 30, 56, 78, 70, 19, 76, 86, 72, 48, 13, 52, 89, 85, 75, 8, 40, 87, 73, 12, 24, 83, 57, 81, 38, 82, 46, 49, 34, 47, 31, 77, 35, 27, 10, 68, 5, 23, 17, 66, 41, 11, 36, 80, 50, 58;

16, 23, 82, 28, 20, 8, 97, 30, 14, 48, 92, 63, 83, 26, 71, 94, 46, 6, 58, 39, 3, 81, 40, 90, 47, 25, 67, 80, 31, 18, 96, 73, 93, 13, 37, 54, 32, 75, 50, 36, 7, 45, 68, 27, 12, 2, 87, 95, 38, 29, 34, 49, 86, 61, 22, 1, 15, 43, 62, 84, 78, 35, 24, 70, 64, 66, 91, 21, 77, 76, 72, 11, 55, 85, 56, 19, 51, 89, 17, 44, 79, 53, 9, 41, 4, 5, 57, 88, 10, 74, 42, 69, 33, 65, 60, 59, 52
