
Submit the following for a score of 18607: 
2, 1;

3, 1, 2;

3, 1, 4, 5, 2;

4, 7, 6, 2, 1, 5, 3;

4, 9, 11, 6, 10, 7, 8, 2, 1, 3, 5;

2, 9, 4, 5, 11, 12, 10, 1, 8, 13, 3, 6, 7;

11, 2, 7, 10, 15, 1, 12, 16, 5, 9, 8, 13, 3, 17, 4, 14, 6;

11, 7, 10, 16, 17, 14, 13, 2, 18, 1, 9, 8, 15, 3, 4, 6, 19, 5, 12;

18, 17, 5, 22, 11, 15, 20, 23, 3, 16, 4, 13, 1, 9, 10, 2, 6, 12, 21, 7, 19, 8, 14;

9, 8, 12, 29, 17, 21, 18, 10, 16, 5, 15, 7, 23, 13, 11, 20, 27, 6, 2, 25, 3, 24, 19, 14, 4, 1, 26, 28, 22;

27, 21, 10, 4, 13, 24, 8, 19, 18, 16, 12, 9, 26, 2, 25, 20, 23, 31, 1, 5, 3, 22, 7, 14, 6, 30, 17, 11, 15, 28, 29;

10, 5, 27, 25, 32, 16, 34, 4, 30, 6, 22, 17, 31, 37, 13, 20, 23, 36, 21, 2, 28, 7, 9, 19, 18, 14, 29, 24, 3, 8, 12, 11, 26, 15, 1, 35, 33;

24, 31, 23, 6, 19, 8, 16, 10, 21, 14, 27, 2, 4, 9, 26, 5, 22, 32, 3, 29, 30, 20, 13, 11, 18, 12, 35, 33, 34, 38, 40, 17, 37, 25, 7, 39, 1, 28, 15, 36, 41;

41, 10, 7, 24, 11, 27, 32, 25, 9, 40, 42, 15, 28, 35, 16, 20, 21, 5, 17, 6, 8, 36, 22, 23, 13, 12, 2, 18, 29, 33, 19, 26, 37, 34, 30, 3, 31, 43, 38, 4, 14, 1, 39;

20, 35, 39, 47, 3, 17, 7, 14, 8, 12, 29, 16, 9, 27, 1, 45, 2, 5, 23, 25, 41, 32, 38, 37, 11, 13, 22, 33, 42, 34, 19, 31, 24, 6, 43, 15, 30, 18, 10, 28, 36, 4, 46, 26, 40, 21, 44;

17, 41, 23, 8, 28, 15, 1, 50, 31, 3, 18, 2, 9, 35, 26, 33, 12, 52, 48, 21, 38, 46, 6, 45, 32, 30, 13, 20, 40, 36, 19, 42, 39, 7, 44, 5, 37, 11, 25, 4, 53, 43, 34, 10, 27, 51, 49, 47, 29, 24, 16, 22, 14;

47, 20, 5, 7, 54, 46, 32, 12, 4, 10, 26, 25, 51, 30, 48, 52, 31, 36, 3, 42, 43, 2, 19, 9, 58, 24, 39, 21, 50, 13, 15, 16, 49, 11, 29, 55, 59, 14, 33, 40, 23, 27, 53, 34, 57, 35, 45, 37, 18, 41, 56, 1, 38, 44, 6, 28, 8, 22, 17;

48, 32, 4, 24, 57, 42, 8, 20, 15, 26, 35, 23, 40, 21, 13, 45, 30, 28, 50, 27, 29, 49, 37, 3, 6, 10, 7, 1, 61, 60, 36, 19, 47, 16, 12, 55, 43, 33, 31, 46, 54, 14, 25, 53, 52, 51, 59, 2, 9, 41, 5, 34, 22, 38, 56, 18, 11, 39, 44, 17, 58;

36, 48, 7, 64, 60, 29, 56, 53, 41, 42, 2, 13, 28, 59, 39, 6, 46, 63, 57, 40, 15, 27, 10, 12, 17, 44, 35, 25, 16, 43, 51, 9, 18, 8, 4, 49, 19, 34, 30, 61, 67, 32, 3, 21, 20, 14, 65, 66, 62, 38, 58, 37, 5, 23, 54, 31, 50, 52, 33, 24, 26, 45, 1, 55, 47, 22, 11;

17, 21, 50, 30, 54, 53, 46, 64, 25, 11, 26, 55, 22, 10, 29, 37, 34, 67, 70, 36, 4, 38, 24, 48, 5, 49, 15, 39, 16, 69, 3, 65, 33, 23, 19, 14, 6, 56, 32, 51, 62, 45, 59, 2, 8, 44, 60, 12, 58, 66, 42, 31, 41, 20, 9, 35, 43, 71, 40, 13, 18, 68, 1, 7, 61, 47, 57, 28, 63, 27, 52;

46, 53, 31, 35, 2, 36, 64, 72, 70, 22, 42, 62, 27, 9, 18, 54, 16, 11, 65, 10, 13, 57, 37, 21, 7, 63, 58, 56, 66, 59, 30, 1, 25, 12, 38, 55, 29, 20, 26, 6, 32, 43, 60, 47, 67, 40, 50, 45, 52, 69, 51, 3, 14, 68, 24, 28, 19, 44, 34, 71, 73, 48, 23, 41, 8, 5, 17, 33, 49, 15, 61, 39, 4;

76, 39, 73, 12, 42, 10, 74, 63, 23, 45, 37, 66, 52, 64, 17, 49, 14, 46, 78, 57, 27, 43, 62, 77, 65, 11, 56, 71, 22, 19, 15, 3, 26, 32, 5, 70, 21, 68, 29, 51, 24, 61, 79, 75, 72, 34, 8, 31, 44, 40, 54, 28, 41, 69, 2, 20, 13, 55, 18, 38, 60, 7, 36, 53, 16, 67, 50, 47, 33, 48, 35, 6, 58, 59, 30, 25, 1, 9, 4;

42, 51, 31, 73, 44, 68, 77, 29, 75, 6, 61, 49, 70, 15, 32, 25, 58, 16, 71, 81, 82, 1, 39, 38, 40, 41, 4, 3, 72, 34, 37, 43, 60, 80, 64, 22, 46, 59, 76, 57, 18, 62, 12, 20, 28, 14, 23, 24, 27, 7, 48, 83, 79, 55, 21, 56, 9, 17, 8, 52, 69, 74, 78, 10, 65, 36, 11, 66, 50, 5, 26, 33, 13, 63, 35, 53, 67, 54, 47, 2, 30, 45, 19;

42, 15, 23, 85, 18, 69, 76, 40, 64, 45, 82, 28, 72, 77, 3, 7, 81, 22, 35, 32, 27, 60, 1, 87, 49, 52, 53, 30, 17, 31, 70, 37, 51, 24, 48, 71, 62, 79, 9, 21, 78, 47, 11, 58, 66, 12, 38, 34, 41, 65, 19, 39, 8, 74, 4, 26, 67, 14, 46, 75, 80, 54, 6, 56, 25, 36, 44, 73, 5, 2, 50, 20, 29, 84, 57, 83, 43, 89, 68, 55, 61, 88, 59, 13, 10, 33, 16, 63, 86;

16, 23, 82, 28, 20, 8, 97, 30, 14, 48, 92, 63, 83, 26, 71, 94, 46, 6, 3, 39, 58, 81, 40, 90, 47, 25, 67, 80, 31, 18, 96, 73, 93, 13, 37, 54, 32, 75, 50, 36, 7, 45, 68, 27, 12, 2, 87, 95, 38, 29, 34, 49, 86, 61, 22, 1, 15, 43, 62, 84, 78, 35, 24, 70, 64, 66, 91, 21, 77, 76, 72, 11, 55, 85, 56, 19, 51, 89, 17, 44, 79, 53, 9, 41, 4, 5, 57, 88, 10, 74, 42, 69, 33, 65, 60, 59, 52
