
Submit the following for a score of 19197: 
2, 1;

3, 1, 2;

3, 1, 4, 5, 2;

4, 7, 6, 2, 1, 5, 3;

4, 9, 11, 6, 10, 7, 8, 2, 1, 3, 5;

2, 9, 4, 5, 11, 12, 10, 1, 8, 13, 3, 6, 7;

11, 2, 7, 10, 15, 1, 12, 16, 5, 9, 8, 13, 3, 17, 4, 14, 6;

11, 7, 10, 16, 17, 14, 13, 2, 18, 1, 9, 8, 15, 3, 4, 6, 19, 5, 12;

18, 17, 5, 22, 11, 15, 20, 23, 3, 16, 4, 13, 1, 9, 10, 2, 6, 12, 21, 7, 19, 8, 14;

9, 8, 12, 29, 17, 21, 18, 10, 16, 5, 15, 7, 23, 13, 11, 20, 27, 6, 2, 25, 3, 24, 19, 14, 4, 1, 26, 28, 22;

20, 14, 21, 3, 26, 7, 22, 29, 24, 30, 27, 4, 23, 28, 17, 25, 6, 31, 5, 12, 13, 16, 18, 15, 1, 8, 9, 11, 2, 19, 10;

30, 5, 8, 11, 18, 12, 25, 19, 13, 3, 6, 27, 24, 37, 21, 9, 35, 26, 1, 22, 2, 28, 7, 20, 32, 14, 29, 33, 17, 4, 36, 16, 15, 23, 31, 10, 34;

28, 29, 13, 10, 41, 37, 24, 27, 35, 32, 15, 18, 1, 36, 30, 34, 5, 40, 31, 2, 11, 14, 38, 3, 4, 33, 23, 21, 17, 6, 9, 7, 26, 25, 20, 22, 16, 19, 12, 39, 8;

41, 10, 7, 24, 11, 27, 32, 25, 9, 40, 42, 15, 28, 35, 16, 20, 21, 5, 17, 6, 8, 36, 22, 23, 13, 12, 2, 18, 29, 33, 19, 26, 37, 34, 30, 3, 31, 43, 38, 4, 14, 1, 39;

25, 14, 38, 8, 12, 16, 17, 29, 28, 24, 1, 40, 46, 41, 10, 37, 11, 3, 23, 27, 36, 2, 44, 18, 42, 32, 9, 26, 39, 45, 22, 21, 30, 31, 4, 15, 5, 20, 13, 35, 6, 19, 33, 34, 47, 43, 7;

16, 20, 26, 45, 8, 18, 12, 46, 6, 25, 49, 42, 11, 32, 15, 22, 47, 40, 37, 9, 35, 41, 17, 33, 52, 10, 19, 31, 29, 7, 30, 2, 24, 23, 5, 53, 38, 48, 39, 36, 44, 51, 27, 3, 1, 43, 4, 13, 28, 34, 50, 21, 14;

47, 20, 5, 7, 54, 46, 32, 12, 4, 10, 26, 25, 51, 30, 48, 52, 31, 36, 3, 42, 43, 2, 19, 9, 58, 24, 39, 21, 50, 13, 15, 16, 49, 11, 29, 55, 59, 14, 33, 40, 23, 27, 53, 34, 57, 35, 45, 37, 18, 41, 56, 1, 38, 44, 6, 28, 8, 22, 17;

11, 2, 40, 48, 54, 8, 32, 56, 9, 51, 37, 20, 50, 26, 44, 57, 31, 42, 10, 43, 4, 12, 7, 24, 36, 33, 14, 5, 49, 15, 39, 13, 47, 59, 1, 3, 52, 28, 61, 41, 22, 18, 30, 23, 35, 34, 46, 53, 55, 19, 45, 6, 16, 21, 27, 60, 17, 38, 29, 25, 58;

35, 48, 29, 10, 11, 43, 32, 53, 39, 54, 59, 5, 7, 27, 61, 67, 26, 34, 65, 63, 33, 51, 18, 41, 20, 64, 55, 58, 25, 38, 2, 21, 42, 8, 22, 16, 66, 62, 60, 19, 56, 28, 9, 23, 44, 30, 13, 6, 31, 45, 3, 52, 36, 37, 47, 40, 24, 46, 49, 15, 57, 1, 4, 50, 14, 17, 12;

17, 21, 50, 30, 54, 53, 46, 64, 25, 11, 26, 55, 22, 10, 29, 37, 34, 67, 70, 36, 4, 38, 24, 48, 5, 49, 15, 39, 16, 69, 3, 65, 33, 23, 19, 14, 6, 56, 32, 51, 62, 45, 59, 2, 8, 44, 60, 12, 58, 66, 42, 31, 41, 20, 9, 35, 43, 71, 40, 13, 18, 68, 1, 7, 61, 47, 57, 28, 63, 27, 52;

26, 60, 22, 61, 40, 55, 1, 71, 20, 25, 45, 69, 52, 14, 42, 37, 12, 53, 33, 21, 43, 13, 47, 65, 27, 5, 16, 46, 17, 41, 31, 38, 24, 7, 8, 64, 50, 2, 9, 58, 66, 15, 6, 34, 36, 44, 68, 10, 29, 48, 18, 51, 3, 39, 4, 59, 11, 49, 57, 73, 56, 72, 23, 67, 62, 28, 63, 19, 30, 54, 32, 35, 70;

36, 33, 21, 6, 63, 19, 12, 46, 22, 41, 13, 38, 57, 50, 18, 54, 34, 14, 27, 23, 26, 78, 60, 69, 66, 32, 3, 67, 17, 72, 47, 43, 42, 2, 24, 76, 40, 75, 11, 30, 48, 35, 79, 55, 62, 71, 58, 10, 44, 45, 15, 74, 68, 53, 31, 52, 25, 59, 39, 61, 9, 64, 70, 29, 4, 56, 7, 20, 16, 5, 28, 37, 65, 51, 49, 8, 1, 73, 77;

42, 51, 31, 73, 44, 68, 77, 29, 75, 6, 61, 49, 70, 15, 32, 25, 58, 16, 71, 81, 82, 1, 39, 38, 40, 41, 4, 3, 72, 34, 37, 43, 60, 80, 64, 22, 46, 59, 76, 57, 18, 62, 12, 20, 28, 14, 23, 24, 27, 7, 48, 83, 79, 55, 21, 56, 9, 17, 8, 52, 69, 74, 78, 10, 65, 36, 11, 66, 50, 5, 26, 33, 13, 63, 35, 53, 67, 54, 47, 2, 30, 45, 19;

42, 15, 23, 85, 18, 69, 76, 40, 64, 45, 82, 28, 72, 77, 3, 7, 81, 22, 35, 32, 27, 60, 1, 87, 49, 52, 53, 30, 17, 31, 70, 37, 51, 24, 48, 71, 62, 79, 9, 21, 78, 47, 11, 58, 66, 12, 38, 34, 41, 65, 19, 39, 8, 74, 4, 26, 67, 14, 46, 75, 80, 54, 6, 56, 25, 36, 44, 73, 5, 2, 50, 20, 29, 84, 57, 83, 43, 89, 68, 55, 61, 88, 59, 13, 10, 33, 16, 63, 86;

16, 23, 82, 28, 20, 8, 97, 30, 14, 48, 92, 63, 83, 26, 71, 94, 46, 6, 3, 39, 58, 81, 40, 90, 47, 25, 67, 80, 31, 18, 96, 73, 93, 13, 37, 54, 32, 75, 50, 36, 7, 45, 68, 27, 12, 2, 87, 95, 38, 29, 34, 49, 86, 61, 22, 1, 15, 43, 62, 84, 78, 35, 24, 70, 64, 66, 91, 21, 77, 76, 72, 11, 55, 85, 56, 19, 51, 89, 17, 44, 79, 53, 9, 41, 4, 5, 57, 88, 10, 74, 42, 69, 33, 65, 60, 59, 52
