
Submit the following for a score of 20540: 
2, 1;

3, 1, 2;

3, 1, 4, 5, 2;

4, 7, 6, 2, 1, 5, 3;

4, 9, 11, 6, 10, 7, 8, 2, 1, 3, 5;

2, 9, 4, 5, 11, 12, 10, 1, 8, 13, 3, 6, 7;

2, 10, 15, 11, 7, 14, 5, 16, 6, 4, 17, 13, 1, 3, 8, 9, 12;

11, 7, 10, 16, 17, 14, 13, 2, 18, 1, 9, 8, 15, 3, 4, 6, 19, 5, 12;

8, 11, 15, 9, 3, 7, 6, 5, 12, 23, 16, 13, 18, 2, 10, 4, 22, 20, 17, 14, 1, 19, 21;

18, 7, 22, 14, 10, 8, 1, 25, 29, 12, 11, 5, 26, 21, 24, 27, 16, 3, 13, 19, 28, 4, 23, 15, 17, 9, 2, 6, 20;

6, 8, 31, 5, 16, 18, 14, 21, 25, 27, 20, 12, 17, 3, 22, 2, 7, 10, 13, 24, 1, 9, 15, 26, 11, 4, 30, 19, 28, 23, 29;

33, 19, 22, 24, 4, 25, 2, 23, 26, 5, 8, 27, 6, 17, 3, 13, 15, 18, 7, 14, 37, 31, 20, 28, 21, 16, 10, 12, 1, 35, 36, 9, 30, 29, 11, 32, 34;

28, 29, 13, 10, 41, 37, 24, 27, 35, 32, 15, 18, 1, 36, 30, 34, 5, 40, 2, 31, 11, 14, 38, 3, 4, 33, 23, 21, 17, 6, 9, 7, 26, 25, 20, 22, 16, 19, 12, 39, 8;

38, 16, 33, 4, 3, 21, 39, 12, 5, 27, 42, 41, 1, 24, 15, 26, 28, 43, 30, 7, 22, 20, 17, 19, 25, 29, 18, 37, 34, 2, 14, 13, 6, 11, 32, 31, 8, 10, 23, 35, 9, 36, 40;

25, 14, 38, 8, 12, 16, 17, 29, 28, 24, 1, 40, 46, 41, 10, 37, 11, 3, 23, 27, 36, 2, 44, 18, 42, 32, 9, 26, 39, 45, 22, 21, 30, 31, 4, 15, 5, 20, 13, 35, 6, 19, 33, 34, 47, 43, 7;

29, 49, 44, 7, 1, 33, 27, 12, 30, 36, 17, 5, 26, 4, 45, 53, 48, 42, 43, 25, 31, 23, 37, 16, 32, 28, 13, 51, 39, 11, 2, 18, 21, 8, 46, 34, 35, 14, 3, 15, 24, 52, 6, 10, 40, 9, 20, 19, 50, 41, 38, 22, 47;

2, 42, 31, 9, 37, 59, 45, 52, 58, 55, 6, 29, 15, 44, 33, 54, 7, 21, 14, 57, 23, 38, 17, 48, 46, 34, 49, 50, 47, 35, 13, 39, 11, 40, 30, 25, 22, 3, 18, 20, 1, 53, 27, 16, 12, 43, 8, 36, 28, 19, 32, 24, 56, 26, 5, 10, 41, 51, 4;

6, 30, 55, 40, 19, 7, 11, 50, 39, 43, 53, 42, 45, 3, 37, 9, 8, 44, 12, 51, 2, 29, 41, 35, 18, 15, 60, 57, 5, 10, 38, 31, 34, 23, 26, 56, 47, 32, 48, 46, 14, 49, 27, 21, 17, 61, 4, 28, 59, 13, 36, 16, 58, 54, 52, 24, 22, 33, 1, 20, 25;

6, 30, 55, 40, 19, 7, 11, 50, 39, 43, 53, 42, 45, 3, 37, 9, 8, 44, 12, 51, 2, 29, 41, 35, 18, 15, 60, 57, 5, 10, 38, 31, 34, 23, 26, 56, 47, 32, 48, 46, 14, 49, 27, 21, 17, 61, 4, 28, 59, 13, 36, 16, 58, 54, 52, 24, 22, 33, 1, 20, 25, 62, 63, 64, 65, 66, 67;

6, 30, 55, 40, 19, 7, 11, 50, 39, 43, 53, 42, 45, 3, 37, 9, 8, 44, 12, 51, 2, 29, 41, 35, 18, 15, 60, 57, 5, 10, 38, 31, 34, 23, 26, 56, 47, 32, 48, 46, 14, 49, 27, 21, 17, 61, 4, 28, 59, 13, 36, 16, 58, 54, 52, 24, 22, 33, 1, 20, 25, 62, 63, 64, 65, 66, 67, 68, 69, 70, 71;

6, 30, 55, 40, 19, 7, 11, 50, 39, 43, 53, 42, 45, 3, 37, 9, 8, 44, 12, 51, 2, 29, 41, 35, 18, 15, 60, 57, 5, 10, 38, 31, 34, 23, 26, 56, 47, 32, 48, 46, 14, 49, 27, 21, 17, 61, 4, 28, 59, 13, 36, 16, 58, 54, 52, 24, 22, 33, 1, 20, 25, 62, 63, 64, 65, 66, 67, 68, 69, 70, 71, 72, 73;

42, 52, 14, 34, 74, 70, 62, 10, 66, 24, 23, 51, 73, 50, 36, 9, 8, 3, 7, 56, 58, 4, 20, 78, 5, 72, 13, 46, 77, 57, 61, 25, 54, 75, 79, 2, 60, 41, 37, 31, 69, 21, 17, 71, 48, 38, 12, 64, 55, 40, 76, 1, 45, 43, 68, 26, 33, 28, 32, 47, 30, 35, 39, 53, 27, 16, 63, 59, 19, 44, 15, 22, 29, 65, 67, 11, 18, 49, 6;

55, 68, 47, 62, 83, 78, 29, 13, 31, 50, 26, 37, 60, 53, 48, 81, 57, 7, 71, 20, 11, 44, 73, 16, 32, 35, 14, 28, 10, 72, 24, 4, 8, 3, 64, 39, 49, 52, 2, 33, 5, 56, 15, 61, 12, 18, 43, 42, 54, 69, 19, 25, 51, 82, 79, 77, 27, 38, 22, 67, 41, 63, 46, 23, 40, 59, 30, 9, 65, 6, 66, 45, 17, 76, 21, 34, 36, 75, 58, 74, 70, 1, 80;

60, 6, 22, 42, 64, 15, 14, 88, 53, 71, 45, 32, 84, 79, 9, 59, 4, 61, 55, 51, 37, 43, 16, 20, 44, 21, 28, 2, 18, 54, 3, 63, 69, 25, 7, 39, 74, 62, 65, 33, 29, 26, 1, 67, 30, 56, 78, 70, 19, 76, 86, 72, 48, 13, 52, 89, 85, 75, 8, 40, 87, 73, 12, 24, 83, 57, 81, 38, 82, 46, 49, 34, 47, 31, 77, 35, 27, 10, 68, 5, 23, 17, 66, 41, 11, 36, 80, 50, 58;

6, 66, 13, 9, 50, 96, 77, 93, 1, 95, 36, 82, 46, 10, 91, 61, 69, 30, 44, 27, 83, 54, 80, 41, 68, 55, 60, 72, 8, 4, 3, 19, 58, 2, 5, 81, 73, 18, 86, 88, 38, 24, 51, 63, 64, 92, 71, 15, 20, 39, 79, 70, 43, 97, 47, 12, 90, 89, 25, 26, 22, 29, 42, 49, 56, 45, 11, 31, 53, 14, 78, 40, 48, 62, 34, 76, 85, 35, 57, 65, 33, 59, 17, 84, 74, 7, 21, 32, 16, 75, 52, 87, 67, 37, 23, 28, 94
