Checking "best_so_far.db" ... done (no errors)

Submit the following for a score of 25687: 
2, 1;

3, 1, 2;

3, 1, 4, 5, 2;

4, 7, 6, 2, 1, 5, 3;

4, 9, 11, 6, 10, 7, 8, 2, 1, 3, 5;

2, 9, 4, 5, 11, 12, 10, 1, 8, 13, 3, 6, 7;

2, 10, 15, 11, 7, 14, 5, 16, 6, 4, 17, 13, 1, 3, 8, 9, 12;

5, 9, 14, 15, 8, 2, 16, 4, 6, 3, 18, 1, 17, 12, 7, 10, 19, 13, 11;

12, 20, 1, 13, 4, 21, 17, 23, 8, 11, 14, 9, 10, 5, 22, 15, 18, 2, 6, 19, 7, 16, 3;

7, 21, 24, 9, 12, 22, 3, 16, 29, 25, 14, 2, 6, 8, 18, 19, 1, 13, 23, 28, 4, 27, 17, 15, 11, 10, 20, 5, 26;

7, 5, 4, 6, 17, 10, 16, 18, 20, 30, 28, 15, 12, 2, 22, 14, 13, 9, 8, 24, 1, 19, 31, 27, 26, 21, 23, 3, 11, 29, 25;

2, 14, 10, 21, 34, 4, 32, 15, 28, 30, 23, 36, 27, 13, 12, 9, 37, 25, 7, 24, 29, 16, 8, 5, 11, 20, 18, 3, 31, 6, 17, 35, 22, 1, 26, 19, 33;

6, 21, 16, 36, 33, 4, 38, 15, 39, 32, 5, 35, 1, 17, 22, 2, 11, 25, 34, 10, 12, 9, 27, 29, 24, 30, 41, 31, 3, 18, 20, 13, 28, 23, 8, 40, 7, 26, 19, 14, 37;

7, 36, 10, 42, 23, 9, 26, 27, 21, 4, 2, 13, 19, 32, 28, 12, 35, 34, 16, 25, 30, 8, 29, 33, 31, 5, 15, 17, 40, 43, 1, 3, 6, 11, 37, 39, 18, 24, 41, 20, 22, 14, 38;

7, 11, 31, 25, 29, 41, 17, 18, 5, 14, 26, 21, 16, 44, 20, 22, 8, 24, 10, 1, 45, 38, 39, 27, 9, 35, 32, 34, 2, 36, 19, 40, 43, 23, 47, 33, 6, 37, 30, 12, 3, 4, 46, 28, 15, 42, 13;

22, 44, 1, 47, 10, 51, 9, 25, 11, 30, 34, 36, 4, 42, 45, 20, 41, 7, 15, 26, 8, 32, 29, 48, 12, 16, 49, 52, 21, 53, 40, 2, 46, 33, 28, 39, 17, 18, 50, 14, 5, 23, 19, 38, 27, 43, 6, 31, 13, 24, 3, 37, 35;

6, 22, 40, 32, 33, 2, 39, 47, 18, 11, 44, 27, 8, 4, 52, 24, 51, 20, 58, 16, 41, 17, 49, 46, 53, 34, 10, 50, 31, 54, 1, 57, 30, 43, 48, 26, 59, 37, 5, 7, 55, 3, 21, 35, 9, 28, 14, 38, 45, 13, 19, 25, 15, 42, 23, 36, 12, 29, 56;

29, 46, 6, 37, 27, 9, 16, 50, 30, 59, 4, 36, 32, 45, 35, 12, 11, 26, 39, 31, 43, 17, 47, 7, 40, 10, 18, 34, 3, 41, 56, 49, 53, 5, 14, 44, 54, 28, 60, 57, 48, 51, 23, 2, 38, 42, 13, 55, 15, 8, 21, 61, 58, 19, 52, 24, 22, 33, 1, 20, 25;

18, 53, 51, 20, 64, 56, 14, 10, 19, 7, 5, 11, 29, 26, 13, 66, 25, 33, 36, 35, 47, 41, 28, 59, 45, 65, 46, 40, 12, 23, 58, 44, 39, 32, 60, 15, 1, 63, 43, 31, 27, 4, 2, 62, 34, 55, 48, 54, 57, 42, 16, 49, 3, 50, 52, 37, 8, 17, 61, 24, 9, 30, 67, 22, 6, 38, 21;

71, 19, 31, 22, 41, 32, 69, 16, 14, 43, 24, 9, 11, 13, 33, 17, 61, 27, 2, 60, 56, 64, 20, 50, 46, 65, 36, 3, 42, 63, 1, 15, 68, 45, 18, 47, 25, 66, 38, 70, 26, 67, 55, 48, 34, 62, 28, 49, 57, 6, 10, 23, 12, 58, 8, 37, 52, 29, 54, 39, 4, 40, 53, 5, 35, 44, 30, 51, 59, 21, 7;

28, 48, 6, 12, 53, 63, 10, 55, 43, 17, 3, 35, 25, 58, 39, 70, 42, 21, 15, 50, 9, 40, 19, 56, 8, 29, 49, 2, 59, 13, 72, 41, 64, 46, 26, 52, 24, 57, 65, 69, 4, 14, 47, 1, 23, 60, 18, 44, 54, 51, 30, 11, 16, 22, 45, 32, 36, 73, 68, 7, 31, 71, 62, 61, 38, 67, 20, 27, 66, 34, 5, 37, 33;

36, 53, 26, 54, 37, 74, 45, 31, 12, 16, 10, 21, 23, 62, 3, 14, 39, 5, 20, 75, 44, 34, 67, 49, 24, 19, 65, 43, 59, 71, 56, 51, 22, 66, 63, 79, 18, 73, 30, 55, 25, 52, 78, 48, 29, 1, 42, 41, 6, 72, 57, 35, 9, 50, 47, 61, 13, 11, 27, 68, 7, 76, 70, 33, 32, 77, 38, 4, 58, 8, 40, 64, 2, 46, 60, 15, 69, 17, 28;

7, 25, 40, 76, 80, 47, 38, 29, 46, 45, 51, 5, 3, 71, 55, 54, 68, 67, 8, 1, 48, 44, 10, 18, 31, 52, 9, 15, 77, 26, 83, 16, 78, 73, 58, 19, 66, 49, 12, 37, 74, 14, 22, 57, 23, 34, 82, 11, 32, 2, 79, 56, 28, 21, 65, 61, 36, 72, 64, 59, 27, 70, 81, 69, 17, 43, 35, 75, 53, 20, 4, 33, 13, 42, 41, 6, 60, 50, 30, 63, 39, 62, 24;

42, 84, 17, 64, 62, 55, 66, 80, 76, 8, 24, 70, 37, 25, 41, 26, 67, 19, 39, 11, 30, 81, 87, 32, 16, 68, 20, 85, 89, 10, 83, 7, 2, 88, 34, 29, 50, 12, 79, 49, 60, 56, 18, 27, 44, 75, 48, 6, 63, 58, 46, 82, 65, 5, 57, 35, 43, 14, 73, 53, 54, 86, 1, 72, 28, 47, 71, 13, 36, 33, 77, 38, 40, 61, 9, 21, 74, 51, 22, 45, 23, 4, 59, 31, 15, 3, 78, 52, 69;

32, 30, 56, 58, 52, 44, 89, 73, 3, 12, 15, 67, 54, 76, 42, 27, 60, 21, 33, 37, 75, 94, 11, 34, 59, 9, 31, 43, 46, 18, 95, 13, 17, 64, 41, 96, 7, 53, 78, 74, 2, 90, 70, 29, 69, 20, 1, 93, 72, 55, 23, 50, 88, 85, 22, 47, 79, 4, 71, 8, 87, 80, 68, 28, 26, 39, 45, 83, 97, 5, 63, 40, 86, 82, 77, 61, 38, 51, 81, 35, 16, 10, 65, 66, 91, 48, 19, 14, 25, 57, 92, 6, 49, 62, 24, 84, 36
