
Submit the following for a score of 16907: 
2, 1;

3, 1, 2;

3, 1, 4, 5, 2;

4, 7, 6, 2, 1, 5, 3;

4, 9, 11, 6, 10, 7, 8, 2, 1, 3, 5;

9, 11, 5, 10, 12, 8, 1, 2, 4, 13, 3, 6, 7;

6, 5, 17, 3, 11, 13, 15, 14, 1, 8, 7, 4, 2, 10, 16, 9, 12;

6, 10, 3, 19, 5, 4, 16, 9, 2, 12, 18, 13, 7, 14, 11, 8, 1, 17, 15;

20, 10, 19, 22, 1, 23, 13, 8, 2, 11, 9, 6, 5, 14, 4, 18, 12, 3, 15, 7, 17, 16, 21;

15, 25, 1, 29, 28, 21, 18, 17, 8, 5, 13, 23, 3, 14, 16, 22, 2, 7, 6, 19, 27, 24, 10, 9, 4, 12, 20, 11, 26;

12, 20, 26, 21, 14, 28, 13, 2, 8, 9, 24, 18, 30, 5, 29, 27, 17, 25, 11, 1, 23, 4, 31, 19, 7, 10, 3, 16, 22, 15, 6;

10, 5, 32, 6, 16, 25, 3, 27, 22, 19, 23, 8, 15, 28, 7, 20, 29, 9, 2, 14, 17, 33, 37, 13, 26, 4, 31, 30, 18, 24, 35, 21, 36, 12, 34, 1, 11;

3, 8, 24, 1, 38, 40, 17, 39, 27, 11, 10, 30, 9, 21, 26, 25, 14, 28, 16, 12, 19, 13, 20, 4, 7, 32, 5, 18, 29, 41, 37, 31, 36, 2, 6, 35, 34, 22, 23, 15, 33;

24, 30, 43, 42, 41, 1, 21, 2, 19, 27, 31, 35, 26, 13, 16, 18, 12, 37, 34, 38, 32, 25, 4, 3, 29, 22, 14, 6, 5, 36, 15, 11, 28, 7, 33, 17, 39, 8, 23, 20, 10, 9, 40;

2, 11, 20, 14, 25, 34, 41, 29, 7, 9, 19, 46, 1, 42, 17, 27, 21, 18, 45, 39, 31, 22, 10, 15, 4, 3, 23, 5, 16, 6, 30, 32, 24, 44, 33, 36, 40, 38, 28, 35, 13, 37, 12, 43, 47, 8, 26;

2, 18, 3, 22, 16, 32, 51, 43, 30, 27, 4, 14, 12, 41, 17, 11, 52, 29, 19, 31, 21, 50, 53, 24, 42, 5, 13, 10, 40, 20, 39, 9, 49, 28, 35, 34, 33, 44, 25, 15, 7, 26, 6, 46, 36, 37, 1, 23, 38, 8, 47, 45, 48;

55, 8, 3, 44, 31, 40, 51, 32, 56, 36, 57, 39, 50, 30, 25, 9, 48, 17, 7, 13, 42, 46, 10, 28, 27, 12, 45, 24, 53, 35, 26, 5, 21, 15, 52, 47, 22, 43, 2, 11, 18, 41, 37, 34, 38, 49, 19, 23, 20, 54, 29, 58, 14, 33, 6, 59, 1, 16, 4;

42, 23, 3, 41, 35, 20, 11, 45, 36, 49, 26, 34, 29, 38, 55, 25, 60, 21, 27, 39, 13, 10, 24, 61, 16, 48, 51, 19, 53, 54, 58, 44, 37, 57, 33, 43, 56, 22, 46, 9, 14, 17, 40, 4, 50, 52, 32, 7, 5, 18, 6, 28, 31, 15, 1, 47, 2, 30, 8, 12, 59;

16, 36, 8, 7, 49, 56, 11, 47, 18, 43, 44, 50, 17, 31, 2, 29, 33, 42, 32, 27, 14, 5, 4, 34, 26, 54, 10, 24, 57, 45, 53, 65, 46, 37, 55, 58, 66, 39, 13, 35, 52, 38, 19, 48, 1, 51, 9, 25, 6, 61, 15, 20, 21, 28, 64, 22, 59, 3, 62, 30, 67, 41, 12, 23, 63, 40, 60;

8, 17, 7, 67, 69, 23, 62, 32, 1, 71, 70, 20, 44, 56, 46, 59, 30, 52, 64, 51, 45, 5, 60, 28, 22, 6, 29, 49, 15, 57, 14, 27, 34, 40, 16, 21, 31, 42, 11, 26, 18, 58, 33, 41, 54, 25, 53, 9, 38, 50, 35, 63, 10, 13, 65, 37, 2, 12, 47, 3, 66, 36, 4, 43, 48, 19, 24, 61, 39, 55, 68;

13, 54, 8, 53, 64, 46, 18, 27, 62, 30, 72, 35, 70, 31, 67, 1, 69, 48, 25, 39, 7, 11, 3, 14, 40, 9, 17, 38, 15, 63, 61, 56, 52, 55, 4, 66, 44, 24, 37, 47, 21, 57, 73, 32, 43, 45, 5, 42, 19, 28, 49, 23, 36, 12, 51, 41, 6, 71, 20, 34, 59, 22, 10, 26, 16, 33, 58, 60, 50, 29, 68, 65, 2;

67, 79, 46, 64, 54, 5, 47, 59, 77, 39, 36, 3, 18, 66, 19, 30, 55, 51, 37, 69, 44, 65, 78, 23, 7, 35, 11, 13, 60, 58, 75, 52, 16, 53, 31, 22, 27, 62, 50, 72, 61, 6, 29, 14, 10, 57, 56, 25, 34, 70, 9, 8, 32, 15, 45, 40, 74, 43, 48, 33, 42, 20, 28, 24, 4, 41, 12, 26, 21, 68, 71, 17, 76, 49, 1, 73, 38, 2, 63;

42, 51, 31, 73, 44, 68, 77, 29, 75, 6, 61, 49, 70, 15, 32, 25, 58, 16, 71, 81, 82, 1, 39, 38, 40, 41, 4, 3, 72, 34, 37, 43, 60, 80, 64, 22, 46, 59, 76, 57, 18, 62, 12, 20, 28, 14, 23, 24, 27, 7, 48, 83, 79, 55, 21, 56, 9, 17, 8, 52, 69, 74, 78, 10, 65, 36, 11, 66, 50, 5, 26, 33, 13, 63, 35, 53, 67, 54, 47, 2, 30, 45, 19;

42, 15, 23, 85, 18, 69, 76, 40, 64, 45, 82, 28, 72, 77, 3, 7, 81, 22, 35, 32, 27, 60, 1, 87, 49, 52, 53, 30, 17, 31, 70, 37, 51, 24, 48, 71, 62, 79, 9, 21, 78, 47, 11, 58, 66, 12, 38, 34, 41, 65, 19, 39, 8, 74, 4, 26, 67, 14, 46, 75, 80, 54, 6, 56, 25, 36, 44, 73, 5, 2, 50, 20, 29, 84, 57, 83, 43, 89, 68, 55, 61, 88, 59, 13, 10, 33, 16, 63, 86;

6, 11, 41, 7, 92, 22, 49, 24, 35, 64, 44, 61, 71, 42, 40, 60, 8, 74, 10, 31, 68, 27, 55, 12, 70, 50, 73, 14, 25, 5, 63, 89, 13, 45, 86, 4, 90, 94, 91, 17, 57, 83, 62, 54, 32, 51, 18, 39, 38, 59, 58, 53, 78, 81, 80, 21, 19, 33, 37, 47, 43, 29, 87, 96, 28, 1, 66, 46, 76, 3, 69, 26, 34, 23, 84, 36, 67, 97, 85, 79, 2, 72, 88, 30, 75, 65, 16, 93, 20, 82, 48, 15, 52, 95, 9, 77, 56
