
Submit the following for a score of 21137: 
2, 1;

3, 1, 2;

3, 1, 4, 5, 2;

4, 7, 6, 2, 1, 5, 3;

4, 9, 11, 6, 10, 7, 8, 2, 1, 3, 5;

2, 9, 4, 5, 11, 12, 10, 1, 8, 13, 3, 6, 7;

2, 10, 15, 11, 7, 14, 5, 16, 6, 4, 17, 13, 1, 3, 8, 9, 12;

11, 7, 10, 16, 17, 14, 13, 2, 18, 1, 9, 8, 15, 3, 4, 6, 19, 5, 12;

8, 11, 15, 9, 3, 7, 6, 5, 12, 23, 16, 13, 18, 2, 10, 4, 22, 20, 17, 14, 1, 19, 21;

23, 4, 28, 19, 13, 3, 16, 27, 24, 21, 26, 5, 18, 7, 22, 14, 10, 8, 1, 25, 29, 12, 11, 15, 17, 9, 2, 6, 20;

12, 20, 27, 25, 21, 14, 18, 16, 5, 31, 8, 6, 17, 3, 22, 2, 7, 10, 13, 24, 1, 9, 15, 26, 11, 4, 30, 19, 28, 23, 29;

12, 24, 7, 14, 4, 9, 21, 15, 27, 26, 10, 2, 22, 11, 32, 1, 23, 16, 6, 5, 34, 35, 17, 36, 13, 25, 8, 18, 3, 20, 19, 30, 28, 37, 33, 31, 29;

28, 29, 13, 10, 41, 37, 24, 27, 35, 32, 15, 18, 1, 36, 30, 34, 5, 40, 2, 31, 11, 14, 38, 3, 4, 33, 23, 21, 17, 6, 9, 7, 26, 25, 20, 22, 16, 19, 12, 39, 8;

24, 1, 41, 42, 27, 5, 12, 39, 21, 3, 38, 16, 33, 4, 26, 28, 43, 30, 7, 22, 20, 17, 19, 25, 15, 29, 18, 37, 34, 2, 14, 13, 6, 11, 32, 31, 8, 10, 23, 35, 9, 36, 40;

25, 14, 38, 8, 12, 16, 17, 29, 28, 24, 1, 40, 46, 41, 10, 37, 11, 3, 23, 27, 36, 2, 44, 18, 42, 32, 9, 26, 39, 45, 22, 21, 30, 31, 4, 15, 5, 20, 13, 35, 6, 19, 33, 34, 47, 43, 7;

14, 50, 15, 1, 23, 42, 18, 13, 25, 16, 48, 11, 24, 35, 3, 39, 5, 32, 29, 37, 44, 40, 4, 9, 2, 21, 31, 47, 41, 7, 19, 6, 34, 49, 46, 38, 28, 10, 51, 26, 36, 12, 22, 53, 30, 27, 20, 45, 17, 33, 8, 43, 52;

42, 39, 4, 45, 15, 21, 34, 33, 24, 7, 57, 59, 31, 40, 5, 47, 12, 48, 28, 53, 50, 13, 58, 43, 54, 30, 38, 49, 51, 29, 46, 36, 52, 18, 16, 11, 6, 27, 37, 55, 1, 3, 8, 23, 25, 20, 32, 17, 10, 56, 26, 19, 22, 14, 44, 41, 9, 35, 2;

14, 49, 27, 21, 17, 61, 4, 28, 59, 13, 36, 16, 58, 54, 46, 48, 32, 47, 56, 26, 23, 34, 31, 38, 10, 5, 57, 60, 15, 18, 35, 41, 29, 2, 51, 12, 44, 8, 9, 37, 3, 45, 42, 53, 43, 39, 50, 11, 7, 19, 40, 55, 30, 6, 52, 24, 22, 33, 1, 20, 25;

41, 16, 58, 54, 46, 63, 14, 38, 50, 3, 49, 21, 27, 65, 56, 12, 32, 47, 6, 30, 31, 34, 62, 26, 52, 24, 45, 11, 44, 8, 55, 48, 42, 17, 19, 7, 15, 60, 18, 23, 2, 35, 4, 67, 36, 28, 59, 66, 64, 13, 61, 57, 5, 10, 9, 37, 39, 43, 53, 29, 51, 40, 25, 20, 1, 33, 22;

6, 40, 37, 13, 22, 51, 66, 11, 1, 54, 24, 64, 55, 70, 71, 14, 57, 41, 23, 10, 5, 65, 26, 16, 30, 53, 21, 17, 9, 69, 28, 4, 61, 42, 44, 12, 47, 56, 67, 58, 38, 35, 18, 15, 60, 43, 48, 32, 8, 29, 2, 59, 62, 52, 63, 36, 39, 50, 46, 68, 7, 19, 25, 20, 33, 45, 3, 49, 31, 34, 27;

33, 24, 55, 64, 52, 56, 12, 43, 51, 19, 6, 53, 25, 22, 48, 42, 66, 11, 61, 1, 40, 34, 21, 68, 47, 65, 3, 72, 28, 63, 39, 60, 20, 37, 49, 18, 15, 8, 59, 71, 31, 50, 46, 32, 4, 62, 45, 70, 54, 16, 14, 7, 5, 58, 41, 10, 26, 67, 2, 44, 13, 17, 36, 38, 27, 57, 73, 30, 35, 29, 69, 23, 9;

13, 43, 45, 41, 46, 58, 33, 78, 50, 72, 20, 68, 15, 30, 53, 47, 59, 14, 23, 32, 2, 28, 36, 74, 67, 55, 73, 70, 12, 57, 42, 24, 66, 77, 51, 75, 49, 8, 34, 69, 3, 10, 26, 39, 19, 76, 52, 4, 17, 64, 31, 21, 5, 7, 35, 40, 60, 29, 63, 18, 62, 61, 25, 22, 27, 65, 6, 71, 38, 48, 16, 37, 54, 9, 1, 79, 11, 44, 56;

8, 21, 36, 43, 32, 30, 47, 25, 18, 48, 82, 2, 15, 27, 53, 12, 31, 79, 83, 66, 73, 20, 26, 63, 72, 42, 75, 78, 37, 29, 49, 6, 13, 39, 17, 74, 62, 44, 38, 56, 14, 19, 7, 50, 46, 40, 3, 68, 34, 61, 67, 33, 51, 35, 80, 11, 58, 57, 69, 4, 65, 64, 24, 71, 45, 28, 22, 60, 23, 9, 16, 76, 10, 52, 5, 41, 54, 70, 77, 55, 1, 81, 59;

60, 6, 22, 42, 64, 15, 14, 88, 53, 71, 45, 32, 84, 79, 9, 59, 4, 61, 55, 51, 37, 43, 16, 20, 44, 21, 28, 2, 18, 54, 3, 63, 69, 25, 7, 39, 74, 62, 65, 33, 29, 26, 1, 67, 30, 56, 78, 70, 19, 76, 86, 72, 48, 13, 52, 89, 85, 75, 8, 40, 87, 73, 12, 24, 83, 57, 81, 38, 82, 46, 49, 34, 47, 31, 77, 35, 27, 10, 68, 5, 23, 17, 66, 41, 11, 36, 80, 50, 58;

84, 17, 59, 33, 65, 57, 35, 85, 6, 66, 13, 9, 50, 96, 77, 93, 1, 95, 36, 82, 46, 10, 91, 76, 34, 62, 48, 40, 78, 14, 53, 31, 11, 45, 56, 61, 69, 30, 44, 27, 83, 54, 80, 49, 42, 29, 22, 26, 25, 89, 90, 12, 47, 97, 43, 70, 79, 39, 20, 15, 71, 92, 64, 63, 51, 24, 38, 88, 86, 18, 73, 81, 5, 2, 58, 19, 3, 4, 8, 72, 60, 55, 68, 41, 74, 7, 21, 32, 16, 75, 52, 87, 67, 37, 23, 28, 94
