
Submit the following for a score of 21305: 
2, 1;

3, 1, 2;

3, 1, 4, 5, 2;

4, 7, 6, 2, 1, 5, 3;

4, 9, 11, 6, 10, 7, 8, 2, 1, 3, 5;

2, 9, 4, 5, 11, 12, 10, 1, 8, 13, 3, 6, 7;

2, 10, 15, 11, 7, 14, 5, 16, 6, 4, 17, 13, 1, 3, 8, 9, 12;

11, 7, 10, 16, 17, 14, 13, 2, 18, 1, 9, 8, 15, 3, 4, 6, 19, 5, 12;

8, 11, 15, 9, 3, 7, 6, 5, 12, 23, 16, 13, 18, 2, 10, 4, 22, 20, 17, 14, 1, 19, 21;

18, 7, 22, 14, 10, 8, 1, 25, 29, 12, 11, 5, 26, 21, 24, 27, 16, 3, 13, 19, 28, 4, 23, 15, 17, 9, 2, 6, 20;

6, 8, 31, 5, 16, 18, 14, 21, 25, 27, 20, 12, 17, 3, 22, 2, 7, 10, 13, 24, 1, 9, 15, 26, 11, 4, 30, 19, 28, 23, 29;

36, 17, 35, 34, 5, 13, 25, 8, 6, 16, 23, 1, 32, 11, 22, 12, 24, 10, 2, 26, 7, 14, 4, 9, 21, 15, 27, 18, 3, 20, 19, 30, 28, 37, 33, 31, 29;

28, 29, 13, 10, 41, 37, 24, 27, 35, 32, 15, 18, 1, 36, 30, 34, 5, 40, 2, 31, 11, 14, 38, 3, 4, 33, 23, 21, 17, 6, 9, 7, 26, 25, 20, 22, 16, 19, 12, 39, 8;

38, 16, 33, 4, 3, 21, 39, 12, 5, 27, 42, 41, 1, 24, 15, 26, 28, 43, 30, 7, 22, 20, 17, 19, 25, 29, 18, 37, 34, 2, 14, 13, 6, 11, 32, 31, 8, 10, 23, 35, 9, 36, 40;

25, 14, 38, 8, 12, 16, 17, 29, 28, 24, 1, 40, 46, 41, 10, 37, 11, 3, 23, 27, 36, 2, 44, 18, 42, 32, 9, 26, 39, 45, 22, 21, 30, 31, 4, 15, 5, 20, 13, 35, 6, 19, 33, 34, 47, 43, 7;

35, 24, 11, 48, 16, 25, 13, 18, 42, 23, 1, 15, 50, 14, 3, 39, 5, 32, 29, 37, 44, 40, 4, 9, 2, 21, 31, 47, 41, 7, 19, 6, 34, 49, 46, 38, 28, 10, 51, 26, 36, 12, 22, 53, 30, 27, 20, 45, 17, 33, 8, 43, 52;

42, 39, 4, 45, 15, 21, 34, 33, 24, 7, 57, 59, 31, 40, 5, 47, 12, 48, 28, 53, 50, 13, 58, 43, 54, 30, 38, 49, 51, 29, 46, 36, 52, 18, 16, 11, 6, 27, 37, 55, 1, 3, 8, 23, 25, 20, 32, 17, 10, 56, 26, 19, 22, 14, 44, 41, 9, 35, 2;

6, 30, 55, 40, 19, 7, 11, 50, 39, 43, 53, 42, 45, 3, 37, 9, 8, 44, 12, 51, 2, 29, 41, 35, 18, 15, 60, 57, 5, 10, 38, 31, 34, 23, 26, 56, 47, 32, 48, 46, 14, 49, 27, 21, 17, 61, 4, 28, 59, 13, 36, 16, 58, 54, 52, 24, 22, 33, 1, 20, 25;

3, 37, 36, 5, 57, 60, 15, 18, 10, 38, 31, 34, 67, 47, 32, 48, 46, 14, 49, 27, 64, 35, 41, 29, 2, 51, 12, 44, 40, 19, 7, 23, 26, 56, 9, 8, 16, 58, 54, 52, 55, 4, 28, 59, 13, 61, 17, 21, 66, 53, 42, 45, 24, 22, 33, 1, 20, 6, 65, 11, 50, 39, 43, 30, 63, 62, 25;

17, 57, 40, 37, 60, 50, 41, 71, 55, 70, 69, 36, 18, 3, 43, 31, 34, 30, 56, 35, 23, 1, 63, 61, 8, 21, 66, 52, 38, 32, 6, 59, 39, 5, 48, 62, 26, 9, 12, 51, 49, 27, 45, 10, 25, 64, 54, 13, 15, 68, 58, 65, 42, 22, 28, 19, 7, 4, 16, 67, 44, 47, 33, 29, 20, 2, 24, 53, 11, 46, 14;

73, 17, 57, 40, 37, 60, 50, 41, 71, 55, 70, 69, 36, 18, 3, 43, 31, 34, 30, 56, 35, 23, 1, 63, 61, 8, 21, 66, 52, 38, 32, 6, 59, 39, 5, 48, 62, 26, 9, 12, 51, 49, 27, 45, 10, 25, 64, 54, 13, 15, 68, 58, 65, 42, 22, 28, 19, 7, 4, 16, 67, 44, 47, 33, 29, 20, 2, 24, 53, 11, 46, 14, 72;

49, 8, 34, 69, 3, 10, 26, 39, 19, 76, 52, 4, 5, 21, 31, 64, 17, 75, 51, 77, 66, 24, 42, 57, 12, 70, 73, 55, 67, 74, 36, 28, 2, 32, 23, 14, 59, 47, 15, 68, 20, 72, 50, 78, 33, 58, 46, 41, 45, 43, 13, 30, 53, 7, 35, 40, 60, 29, 63, 18, 62, 61, 25, 22, 27, 65, 6, 71, 38, 48, 16, 37, 54, 9, 1, 79, 11, 44, 56;

8, 21, 36, 43, 32, 30, 47, 25, 18, 48, 82, 2, 15, 27, 53, 12, 31, 79, 83, 66, 73, 20, 26, 63, 72, 42, 75, 78, 37, 29, 49, 6, 13, 39, 17, 74, 62, 44, 38, 56, 14, 19, 7, 50, 46, 40, 3, 68, 34, 61, 67, 33, 51, 35, 80, 11, 58, 57, 69, 4, 65, 64, 24, 71, 45, 28, 22, 60, 23, 9, 16, 76, 10, 52, 5, 41, 54, 70, 77, 55, 1, 81, 59;

60, 6, 22, 42, 64, 15, 14, 88, 53, 71, 45, 32, 84, 79, 9, 59, 4, 61, 55, 51, 37, 43, 16, 20, 44, 21, 28, 2, 18, 54, 3, 63, 69, 25, 7, 39, 74, 62, 65, 33, 29, 26, 1, 67, 30, 56, 78, 70, 19, 76, 86, 72, 48, 13, 52, 89, 85, 75, 8, 40, 87, 73, 12, 24, 83, 57, 81, 38, 82, 46, 49, 34, 47, 31, 77, 35, 27, 10, 68, 5, 23, 17, 66, 41, 11, 36, 80, 50, 58;

6, 66, 13, 9, 50, 96, 77, 93, 1, 95, 36, 82, 46, 10, 91, 61, 69, 30, 44, 27, 83, 54, 80, 41, 68, 55, 60, 72, 8, 4, 3, 19, 58, 2, 5, 81, 73, 18, 86, 88, 38, 24, 51, 63, 64, 92, 71, 15, 20, 39, 79, 70, 43, 97, 47, 12, 90, 89, 25, 26, 22, 29, 42, 49, 56, 45, 11, 31, 53, 14, 78, 40, 48, 62, 34, 76, 85, 35, 57, 65, 33, 59, 17, 84, 74, 7, 21, 32, 16, 75, 52, 87, 67, 37, 23, 28, 94
