2, 1;
2, 3, 1;
3, 1, 4, 5, 2;
3, 1, 4, 6, 7, 5, 2;
4, 9, 11, 6, 10, 7, 8, 2, 1, 3, 5;
2, 9, 4, 5, 11, 12, 10, 1, 8, 13, 3, 6, 7;
8, 3, 12, 5, 14, 4, 2, 7, 6, 9, 17, 10, 16, 11, 1, 15, 13;
8, 5, 16, 12, 19, 9, 10, 6, 3, 7, 13, 14, 4, 2, 18, 11, 1, 17, 15;
10, 8, 3, 12, 2, 5, 16, 19, 4, 14, 11, 6, 18, 15, 9, 20, 23, 7, 13, 1, 22, 17, 21;
5, 24, 25, 17, 11, 22, 23, 18, 16, 13, 12, 10, 21, 1, 7, 8, 6, 9, 2, 15, 28, 4, 26, 20, 3, 14, 29, 27, 19;
23, 13, 30, 17, 16, 25, 11, 12, 29, 22, 3, 27, 7, 9, 2, 10, 14, 6, 18, 8, 28, 15, 20, 24, 31, 21, 19, 5, 26, 1, 4;
18, 32, 30, 24, 36, 35, 12, 20, 29, 34, 7, 1, 2, 33, 23, 13, 15, 11, 22, 17, 8, 26, 9, 3, 25, 6, 21, 10, 37, 31, 4, 16, 28, 14, 5, 27, 19;
16, 26, 31, 20, 22, 37, 6, 18, 3, 35, 41, 27, 24, 34, 10, 29, 4, 14, 28, 13, 8, 17, 5, 30, 21, 38, 11, 9, 15, 19, 12, 25, 33, 2, 39, 36, 40, 32, 23, 1, 7;
40, 12, 43, 17, 34, 38, 10, 8, 5, 19, 14, 35, 27, 2, 23, 16, 13, 6, 7, 37, 24, 29, 31, 33, 11, 28, 32, 4, 41, 25, 15, 30, 20, 26, 3, 22, 1, 39, 18, 42, 9, 21, 36;
20, 25, 42, 12, 9, 39, 35, 24, 22, 43, 32, 21, 19, 29, 44, 16, 11, 30, 37, 27, 41, 15, 40, 5, 17, 8, 18, 3, 26, 23, 33, 14, 2, 46, 1, 47, 38, 36, 31, 34, 13, 4, 10, 6, 28, 7, 45;
45, 14, 36, 19, 51, 15, 44, 20, 4, 29, 22, 3, 53, 12, 21, 17, 46, 52, 33, 43, 28, 23, 35, 18, 49, 6, 32, 42, 41, 2, 26, 40, 10, 48, 8, 30, 7, 47, 27, 13, 34, 37, 1, 5, 31, 11, 25, 9, 50, 39, 24, 38, 16;
52, 6, 50, 9, 22, 17, 48, 53, 59, 55, 27, 20, 5, 21, 16, 41, 45, 13, 7, 29, 46, 2, 8, 36, 24, 42, 26, 49, 44, 12, 47, 33, 30, 31, 34, 38, 25, 19, 35, 3, 28, 18, 54, 15, 23, 56, 58, 37, 10, 43, 32, 4, 40, 39, 1, 11, 51, 14, 57;
41, 54, 52, 48, 26, 11, 55, 44, 23, 16, 29, 43, 7, 24, 20, 33, 12, 49, 21, 31, 60, 61, 1, 40, 3, 36, 4, 8, 51, 14, 25, 17, 37, 53, 47, 22, 18, 19, 10, 50, 5, 39, 15, 28, 42, 46, 6, 2, 30, 56, 59, 38, 9, 13, 32, 45, 57, 34, 35, 27, 58;

45, 50, 61, 59, 65, 1, 30, 34, 54, 64, 27, 9, 32, 43, 51, 23, 16, 33, 2, 57, 20, 24, 47, 29, 60, 13, 19, 42, 37, 15, 14, 22, 8, 46, 56, 31, 10, 21, 12, 6, 38, 17, 66, 63, 55, 7, 44, 3, 58, 26, 39, 35, 4, 49, 18, 28, 36, 67, 5, 52, 53, 11, 48, 41, 25, 40, 62

44, 18, 32, 42, 36, 37, 24, 54, 53, 3, 6, 67, 50, 22, 34, 9, 35, 13, 65, 31, 66, 27, 11, 19, 20, 48, 33, 4, 62, 47, 8, 63, 64, 55, 26, 56, 28, 12, 16, 45, 17, 2, 10, 60, 14, 5, 21, 41, 30, 57, 70, 1, 69, 25, 59, 46, 40, 51, 43, 58, 15, 23, 7, 52, 71, 68, 39, 29, 49, 61, 38;
25, 3, 19, 35, 13, 9, 51, 16, 27, 24, 33, 40, 69, 55, 56, 43, 68, 2, 57, 4, 48, 36, 45, 14, 41, 29, 60, 50, 11, 12, 63, 23, 52, 53, 18, 6, 72, 1, 28, 37, 65, 17, 32, 30, 21, 67, 42, 26, 49, 22, 5, 61, 34, 10, 31, 15, 38, 47, 20, 39, 54, 44, 46, 8, 59, 71, 70, 73, 66, 7, 58, 64, 62;
15, 61, 23, 2, 75, 29, 10, 54, 9, 51, 5, 58, 63, 25, 33, 49, 70, 26, 59, 13, 4, 36, 50, 32, 52, 73, 19, 76, 30, 46, 14, 35, 22, 66, 74, 60, 77, 68, 1, 71, 17, 40, 78, 79, 47, 6, 16, 8, 56, 31, 34, 20, 39, 43, 62, 12, 45, 55, 21, 38, 37, 64, 18, 42, 53, 69, 7, 28, 67, 24, 3, 27, 44, 48, 65, 57, 72, 41, 11;
8, 14, 68, 1, 25, 23, 30, 26, 79, 63, 18, 80, 72, 31, 69, 17, 28, 2, 78, 70, 62, 60, 4, 61, 32, 82, 11, 29, 42, 54, 48, 10, 77, 43, 75, 36, 5, 6, 34, 22, 51, 9, 38, 27, 65, 24, 53, 50, 49, 13, 19, 67, 35, 33, 76, 81, 41, 59, 3, 58, 55, 20, 46, 56, 15, 37, 7, 74, 83, 44, 64, 12, 21, 73, 39, 47, 66, 52, 71, 40, 57, 45, 16;

26, 58, 53, 6, 61, 43, 48, 82, 62, 85, 70, 12, 13, 65, 52, 66, 33, 47, 54, 5, 23, 74, 45, 51, 75, 50, 55, 46, 4, 84, 37, 24, 81, 59, 35, 8, 27, 87, 1, 80, 76, 19, 56, 2, 49, 15, 20, 57, 89, 14, 34, 25, 31, 32, 22, 7, 44, 10, 39, 67, 11, 42, 16, 77, 63, 41, 79, 78, 83, 72, 21, 18, 68, 30, 36, 3, 40, 71, 73, 38, 64, 60, 17, 69, 29, 9, 88, 28, 86

35, 53, 24, 13, 41, 82, 97, 39, 18, 93, 1, 96, 37, 20, 11, 42, 64, 38, 92, 68, 33, 60, 26, 87, 5, 89, 57, 85, 59, 28, 72, 95, 6, 3, 29, 8, 44, 27, 74, 50, 25, 48, 77, 15, 76, 56, 36, 80, 31, 78, 91, 94, 2, 12, 7, 67, 58, 83, 9, 66, 73, 63, 79, 62, 47, 16, 84, 51, 86, 90, 75, 71, 19, 88, 32, 14, 69, 34, 52, 40, 54, 43, 17, 55, 45, 21, 4, 65, 23, 49, 61, 46, 22, 30, 10, 81, 70