2, 1
3, 1, 2
3, 1, 4, 5, 2
4, 7, 6, 2, 1, 5, 3
4, 9, 11, 6, 10, 7, 8, 2, 1, 3, 5
2, 10, 11, 7, 12, 9, 5, 1, 13, 4, 8, 3, 6
4, 17, 11, 2, 3, 14, 6, 12, 10, 1, 13, 9, 8, 15, 16, 7, 5
6, 7, 8, 12, 9, 10, 1, 4, 16, 2, 13, 19, 17, 11, 15, 14, 3, 18, 5
12, 23, 1, 4, 21, 14, 2, 8, 3, 6, 10, 9, 5, 22, 17, 18, 13, 15, 11, 19, 7, 20, 16
11, 23, 6, 21, 12, 5, 26, 8, 4, 2, 19, 13, 3, 17, 15, 25, 14, 7, 24, 20, 9, 10, 18, 16, 22, 29, 1, 28, 27
23, 8, 18, 2, 16, 22, 31, 29, 17, 20, 21, 25, 27, 15, 7, 14, 3, 13, 11, 9, 4, 12, 19, 10, 5, 30, 26, 6, 24, 28, 1
28, 37, 16, 22, 12, 34, 8, 6, 23, 33, 9, 30, 26, 20, 10, 18, 31, 32, 2, 15, 3, 11, 5, 36, 17, 1, 27, 19, 21, 35, 29, 24, 4, 13, 14, 7, 25
2, 25, 33, 15, 32, 6, 40, 1, 41, 8, 24, 18, 29, 21, 20, 34, 37, 17, 30, 10, 23, 19, 7, 13, 5, 22, 4, 16, 31, 14, 36, 12, 9, 3, 28, 11, 35, 26, 38, 27, 39
21, 6, 19, 14, 13, 23, 1, 37, 7, 26, 35, 32, 36, 34, 9, 25, 43, 20, 5, 29, 24, 31, 38, 27, 4, 30, 16, 3, 17, 33, 42, 11, 28, 10, 41, 40, 12, 15, 18, 2, 39, 22, 8
32, 14, 13, 25, 20, 33, 11, 22, 1, 35, 21, 23, 12, 9, 36, 45, 31, 34, 28, 43, 16, 29, 24, 41, 26, 6, 10, 39, 17, 37, 40, 2, 18, 38, 5, 42, 44, 46, 15, 30, 27, 19, 4, 47, 7, 3, 8
8, 21, 40, 26, 1, 52, 38, 37, 34, 42, 29, 14, 48, 36, 3, 17, 23, 46, 35, 5, 30, 9, 25, 6, 49, 53, 32, 44, 12, 13, 50, 20, 11, 28, 7, 18, 22, 16, 47, 33, 15, 41, 10, 24, 31, 2, 19, 45, 43, 39, 4, 27, 51
5, 35, 48, 10, 47, 25, 43, 21, 8, 19, 23, 28, 40, 16, 14, 12, 29, 53, 6, 7, 18, 52, 45, 32, 36, 33, 50, 54, 20, 51, 3, 31, 17, 24, 44, 30, 38, 41, 55, 2, 42, 39, 59, 58, 15, 26, 4, 9, 34, 49, 37, 13, 11, 22, 46, 1, 56, 27, 57
47, 46, 6, 26, 21, 10, 8, 23, 48, 25, 38, 4, 37, 29, 1, 43, 55, 36, 39, 19, 16, 53, 35, 52, 31, 15, 40, 2, 57, 49, 61, 7, 32, 41, 50, 58, 17, 42, 18, 13, 27, 45, 14, 28, 11, 24, 3, 30, 56, 54, 12, 5, 22, 51, 59, 34, 33, 60, 20, 44, 9
12, 25, 61, 42, 62, 14, 6, 23, 60, 43, 8, 15, 27, 29, 63, 2, 47, 37, 22, 36, 40, 50, 39, 21, 3, 7, 17, 13, 10, 54, 51, 55, 30, 48, 53, 9, 5, 19, 66, 1, 65, 4, 49, 64, 67, 58, 57, 41, 59, 33, 35, 31, 32, 26, 11, 38, 18, 44, 56, 34, 46, 24, 52, 45, 20, 28, 16
38, 10, 40, 21, 41, 34, 32, 8, 51, 13, 37, 11, 57, 18, 66, 4, 9, 64, 23, 30, 42, 31, 12, 27, 19, 25, 55, 29, 36, 69, 58, 46, 3, 52, 49, 24, 47, 6, 68, 61, 14, 60, 17, 56, 22, 16, 65, 39, 62, 44, 50, 20, 43, 59, 33, 2, 53, 54, 5, 35, 15, 45, 7, 48, 28, 26, 70, 71, 1, 63, 67
19, 18, 36, 52, 47, 15, 32, 70, 35, 37, 20, 27, 16, 68, 51, 73, 71, 2, 33, 5, 65, 67, 11, 7, 10, 57, 12, 44, 9, 17, 48, 54, 59, 34, 25, 8, 56, 4, 31, 29, 26, 58, 38, 55, 28, 23, 14, 24, 30, 66, 6, 45, 62, 63, 1, 72, 69, 49, 21, 40, 43, 39, 3, 41, 13, 46, 61, 50, 60, 64, 22, 53, 42
24, 56, 26, 72, 53, 32, 48, 58, 33, 65, 54, 23, 27, 3, 13, 29, 60, 71, 51, 44, 42, 20, 6, 17, 70, 14, 45, 31, 46, 67, 38, 69, 49, 39, 10, 2, 11, 7, 68, 59, 16, 41, 74, 78, 19, 18, 50, 22, 76, 79, 75, 15, 4, 64, 28, 61, 21, 9, 35, 47, 1, 73, 77, 40, 52, 55, 8, 66, 30, 5, 62, 57, 37, 63, 12, 34, 43, 25, 36
68, 67, 56, 30, 15, 38, 78, 5, 75, 27, 44, 31, 46, 25, 1, 70, 72, 3, 48, 11, 35, 13, 71, 28, 47, 16, 39, 50, 37, 58, 45, 73, 54, 32, 55, 53, 12, 42, 83, 57, 49, 59, 80, 81, 52, 17, 7, 65, 61, 8, 43, 79, 2, 4, 10, 36, 74, 19, 23, 41, 66, 6, 21, 76, 26, 40, 34, 9, 64, 20, 14, 18, 33, 77, 62, 29, 82, 22, 69, 63, 51, 24, 60
48, 11, 64, 66, 49, 76, 34, 72, 43, 86, 51, 45, 15, 50, 55, 23, 22, 41, 9, 61, 5, 80, 47, 74, 32, 4, 27, 67, 77, 38, 3, 83, 2, 39, 12, 7, 58, 87, 28, 10, 56, 26, 73, 6, 35, 65, 62, 69, 84, 30, 71, 54, 19, 82, 63, 85, 16, 59, 21, 1, 78, 70, 89, 8, 24, 88, 14, 79, 75, 60, 31, 53, 46, 57, 36, 13, 25, 68, 40, 42, 17, 81, 37, 33, 52, 44, 29, 18, 20
10, 24, 65, 93, 91, 48, 51, 82, 78, 11, 17, 97, 18, 39, 45, 33, 29, 85, 30, 81, 26, 55, 47, 34, 37, 41, 36, 72, 14, 5, 75, 84, 42, 60, 49, 9, 64, 56, 23, 79, 32, 38, 59, 63, 3, 68, 4, 19, 28, 16, 76, 54, 53, 74, 71, 15, 89, 12, 43, 22, 83, 21, 7, 73, 6, 52, 92, 70, 90, 69, 67, 58, 31, 62, 2, 35, 44, 96, 40, 95, 1, 88, 50, 86, 61, 77, 46, 66, 27, 57, 20, 25, 8, 87, 13, 80, 94
