2, 1
2, 3, 1
3, 1, 4, 5, 2
4, 7, 6, 2, 1, 5, 3
2, 3, 8, 10, 6, 11, 9, 7, 1, 4, 5
10, 12, 13, 5, 3, 1, 4, 8, 11, 2, 9, 7, 6
9, 2, 11, 1, 5, 12, 13, 8, 3, 14, 17, 15, 10, 7, 16, 4, 6
6, 3, 12, 1, 10, 2, 18, 7, 4, 14, 5, 17, 9, 13, 19, 16, 11, 8, 15
22, 9, 14, 13, 17, 12, 11, 6, 3, 2, 20, 19, 1, 4, 5, 21, 18, 15, 10, 23, 8, 7, 16
7, 14, 13, 25, 8, 19, 23, 21, 1, 12, 6, 5, 11, 17, 22, 10, 20, 28, 27, 29, 15, 9, 26, 4, 2, 16, 24, 18, 3
5, 15, 28, 27, 12, 31, 20, 30, 11, 4, 26, 22, 17, 6, 29, 23, 13, 19, 16, 21, 10, 8, 7, 18, 2, 9, 25, 14, 3, 1, 24
7, 36, 34, 19, 6, 13, 30, 9, 27, 2, 25, 18, 11, 37, 29, 16, 17, 14, 20, 10, 8, 23, 24, 1, 33, 28, 26, 35, 21, 3, 31, 4, 22, 5, 15, 12, 32
29, 22, 7, 28, 38, 27, 36, 13, 18, 39, 37, 17, 4, 6, 35, 9, 1, 14, 3, 15, 32, 23, 20, 33, 40, 19, 16, 12, 2, 26, 5, 34, 11, 25, 24, 31, 41, 21, 10, 8, 30
42, 20, 41, 15, 18, 11, 31, 10, 5, 27, 2, 4, 23, 34, 37, 30, 40, 9, 28, 17, 19, 22, 8, 3, 32, 35, 36, 14, 33, 29, 25, 43, 1, 38, 39, 12, 13, 7, 21, 16, 26, 6, 24
46, 47, 1, 27, 23, 19, 10, 5, 36, 7, 43, 15, 24, 17, 22, 30, 41, 12, 13, 32, 2, 31, 8, 33, 35, 28, 21, 37, 16, 29, 39, 9, 26, 20, 40, 34, 11, 3, 14, 42, 45, 38, 6, 18, 4, 25, 44
52, 1, 53, 12, 11, 47, 23, 21, 27, 13, 22, 20, 48, 42, 28, 46, 2, 29, 41, 16, 17, 37, 5, 4, 7, 36, 45, 31, 49, 34, 15, 9, 30, 24, 18, 35, 32, 8, 38, 10, 25, 50, 26, 43, 6, 14, 39, 44, 3, 33, 40, 19, 51
39, 43, 34, 29, 33, 51, 23, 24, 27, 41, 12, 28, 2, 44, 25, 50, 14, 9, 42, 7, 47, 30, 13, 19, 11, 20, 1, 55, 57, 18, 59, 26, 22, 32, 49, 45, 15, 4, 36, 56, 48, 21, 10, 3, 8, 40, 31, 16, 5, 54, 37, 17, 35, 6, 52, 38, 46, 53, 58
50, 54, 35, 45, 5, 7, 16, 22, 12, 60, 1, 59, 24, 56, 21, 8, 2, 3, 39, 29, 43, 58, 61, 9, 23, 27, 15, 51, 30, 17, 57, 37, 47, 48, 25, 33, 11, 14, 13, 42, 18, 31, 55, 4, 6, 38, 26, 20, 44, 52, 36, 19, 10, 46, 41, 32, 40, 53, 28, 34, 49
56, 14, 11, 43, 54, 57, 6, 46, 63, 27, 33, 17, 50, 28, 24, 52, 45, 1, 13, 9, 60, 23, 64, 40, 25, 35, 48, 10, 19, 20, 41, 30, 53, 15, 58, 37, 32, 55, 8, 51, 65, 67, 49, 31, 59, 44, 3, 18, 26, 66, 36, 21, 29, 42, 61, 7, 22, 5, 38, 2, 39, 16, 62, 47, 34, 4, 12
10, 40, 49, 54, 64, 23, 7, 6, 27, 4, 21, 68, 61, 56, 11, 52, 31, 46, 44, 39, 19, 62, 35, 2, 38, 32, 3, 41, 59, 12, 57, 24, 13, 30, 51, 45, 9, 67, 50, 18, 5, 53, 36, 28, 37, 20, 43, 48, 55, 58, 15, 33, 25, 34, 14, 65, 63, 47, 66, 22, 29, 8, 26, 71, 1, 70, 17, 60, 16, 42, 69
9, 33, 3, 43, 14, 35, 64, 66, 34, 62, 65, 69, 39, 19, 25, 10, 71, 8, 36, 23, 15, 49, 28, 67, 63, 50, 12, 57, 11, 46, 48, 44, 32, 22, 37, 7, 61, 18, 4, 13, 5, 40, 60, 68, 1, 16, 52, 6, 38, 24, 27, 72, 73, 20, 30, 56, 17, 31, 55, 42, 54, 51, 41, 45, 70, 58, 53, 2, 59, 21, 29, 47, 26
68, 18, 22, 20, 15, 8, 66, 33, 31, 49, 65, 7, 71, 32, 40, 47, 38, 11, 45, 59, 54, 53, 58, 72, 17, 36, 26, 1, 77, 14, 39, 64, 67, 69, 52, 70, 27, 48, 35, 61, 41, 24, 62, 63, 44, 5, 23, 2, 37, 75, 13, 10, 19, 55, 46, 30, 21, 43, 56, 29, 4, 73, 51, 6, 12, 34, 74, 78, 16, 9, 79, 76, 28, 50, 25, 57, 42, 3, 60
50, 80, 55, 63, 17, 70, 56, 47, 68, 75, 15, 2, 76, 72, 79, 83, 37, 61, 52, 26, 36, 58, 4, 64, 73, 9, 41, 62, 11, 77, 18, 8, 14, 24, 30, 69, 43, 71, 25, 22, 49, 65, 78, 33, 48, 53, 7, 16, 34, 5, 67, 42, 51, 32, 12, 82, 1, 3, 57, 44, 45, 60, 66, 21, 31, 40, 54, 6, 28, 13, 59, 74, 23, 38, 20, 27, 10, 29, 19, 46, 35, 39, 81
30, 50, 26, 66, 71, 75, 8, 19, 46, 88, 77, 84, 67, 60, 39, 48, 59, 7, 41, 65, 62, 80, 40, 28, 15, 12, 44, 63, 52, 73, 86, 27, 13, 1, 32, 57, 61, 53, 42, 81, 36, 54, 14, 6, 76, 3, 85, 58, 68, 35, 16, 56, 2, 31, 82, 64, 37, 74, 87, 11, 5, 34, 33, 18, 78, 4, 83, 24, 9, 72, 51, 38, 70, 17, 10, 89, 69, 20, 43, 21, 47, 22, 25, 23, 79, 45, 55, 29, 49
68, 95, 24, 35, 76, 14, 29, 84, 9, 49, 44, 56, 51, 15, 71, 91, 33, 52, 30, 41, 17, 46, 27, 18, 65, 36, 81, 8, 77, 5, 32, 19, 22, 92, 59, 72, 73, 37, 34, 87, 96, 67, 97, 42, 11, 45, 38, 90, 78, 54, 31, 88, 83, 12, 74, 47, 93, 26, 6, 25, 89, 48, 4, 40, 53, 64, 50, 79, 23, 10, 62, 21, 86, 7, 16, 13, 60, 43, 58, 94, 66, 55, 39, 61, 1, 69, 82, 80, 2, 63, 85, 20, 75, 28, 57, 70, 3
