2, 1
3, 1, 2
3, 1, 4, 5, 2
3, 1, 4, 6, 7, 5, 2
4, 9, 11, 6, 10, 7, 8, 2, 1, 3, 5
11, 12, 5, 2, 13, 4, 1, 10, 9, 8, 6, 7, 3
2, 9, 10, 7, 11, 12, 6, 1, 15, 3, 17, 14, 16, 13, 8, 4, 5
5, 7, 6, 19, 3, 18, 4, 13, 2, 9, 1, 8, 17, 14, 16, 12, 15, 10, 11
4, 8, 5, 20, 13, 3, 15, 11, 2, 9, 10, 21, 16, 18, 22, 14, 23, 7, 1, 6, 12, 19, 17
3, 12, 25, 2, 21, 10, 20, 19, 4, 9, 24, 5, 15, 29, 1, 28, 13, 14, 18, 8, 17, 11, 7, 23, 6, 16, 26, 22, 27
21, 23, 7, 9, 5, 4, 31, 30, 26, 18, 17, 16, 10, 2, 20, 15, 24, 14, 6, 27, 25, 8, 22, 11, 3, 13, 29, 1, 19, 12, 28
35, 24, 6, 2, 32, 17, 12, 13, 5, 25, 37, 18, 11, 26, 3, 29, 15, 10, 33, 1, 14, 28, 27, 36, 9, 30, 4, 34, 19, 7, 21, 20, 8, 16, 31, 23, 22
23, 8, 12, 9, 6, 21, 29, 30, 34, 19, 20, 11, 24, 13, 2, 40, 16, 31, 1, 39, 33, 27, 14, 4, 26, 17, 41, 28, 15, 3, 37, 18, 7, 35, 36, 22, 5, 10, 25, 32, 38
7, 26, 28, 18, 38, 27, 25, 22, 8, 3, 29, 34, 21, 35, 16, 14, 33, 31, 32, 20, 42, 1, 41, 9, 19, 13, 24, 15, 37, 10, 4, 11, 23, 40, 43, 36, 2, 6, 12, 39, 30, 5, 17
25, 9, 36, 6, 27, 42, 15, 32, 28, 12, 1, 47, 46, 21, 24, 18, 4, 17, 8, 22, 26, 23, 37, 10, 20, 11, 39, 3, 19, 45, 35, 30, 40, 2, 33, 14, 5, 16, 41, 43, 13, 7, 29, 34, 31, 38, 44
29, 44, 15, 39, 32, 11, 36, 27, 16, 4, 9, 33, 12, 20, 45, 3, 46, 24, 19, 42, 13, 2, 21, 5, 50, 53, 47, 31, 37, 49, 17, 8, 25, 18, 38, 41, 14, 28, 7, 34, 26, 43, 23, 35, 22, 30, 48, 40, 10, 51, 1, 52, 6
51, 25, 7, 36, 27, 32, 47, 48, 8, 22, 14, 30, 50, 15, 26, 21, 54, 38, 44, 41, 34, 29, 49, 53, 45, 3, 39, 18, 31, 19, 40, 35, 56, 43, 11, 58, 1, 46, 23, 5, 28, 42, 16, 9, 12, 55, 59, 13, 37, 52, 20, 6, 10, 2, 17, 4, 33, 24, 57
31, 21, 2, 43, 55, 58, 30, 13, 61, 52, 34, 41, 9, 32, 12, 47, 40, 49, 1, 57, 19, 60, 48, 37, 46, 5, 23, 20, 18, 51, 3, 16, 38, 36, 8, 42, 14, 25, 22, 33, 27, 15, 26, 7, 17, 53, 6, 4, 24, 35, 44, 28, 45, 10, 29, 11, 50, 39, 54, 56, 59
13, 51, 46, 34, 20, 3, 5, 52, 1, 8, 26, 23, 19, 35, 30, 9, 4, 22, 48, 38, 7, 67, 28, 39, 65, 62, 10, 27, 54, 6, 12, 37, 33, 60, 18, 44, 2, 61, 42, 40, 59, 47, 29, 36, 64, 43, 53, 41, 45, 24, 25, 32, 15, 31, 63, 58, 50, 57, 56, 49, 11, 16, 66, 14, 17, 55, 21
68, 70, 2, 54, 1, 57, 67, 26, 19, 29, 42, 44, 21, 56, 53, 33, 35, 46, 63, 31, 39, 10, 40, 32, 55, 27, 28, 50, 23, 8, 9, 20, 25, 30, 5, 49, 48, 6, 65, 13, 34, 22, 45, 58, 12, 24, 47, 66, 59, 61, 41, 15, 7, 38, 16, 51, 11, 37, 43, 14, 18, 60, 62, 69, 52, 36, 71, 17, 64, 4, 3
4, 46, 15, 39, 41, 30, 6, 55, 10, 18, 61, 16, 37, 59, 35, 65, 28, 8, 56, 5, 48, 3, 43, 40, 38, 25, 19, 7, 2, 14, 36, 12, 68, 17, 24, 33, 13, 26, 51, 20, 27, 69, 53, 52, 54, 66, 60, 34, 44, 22, 29, 31, 42, 64, 49, 32, 63, 9, 50, 67, 21, 70, 62, 47, 57, 58, 11, 45, 23, 73, 1, 72, 71
3, 16, 31, 32, 68, 18, 66, 6, 36, 39, 74, 38, 71, 45, 49, 42, 63, 70, 73, 43, 1, 47, 27, 61, 67, 48, 23, 17, 35, 78, 7, 34, 13, 37, 20, 44, 5, 64, 69, 51, 59, 50, 33, 2, 77, 55, 56, 58, 29, 14, 9, 41, 57, 25, 11, 28, 15, 30, 76, 19, 4, 12, 52, 46, 75, 62, 10, 26, 65, 24, 40, 54, 53, 22, 8, 60, 21, 79, 72
16, 18, 66, 3, 43, 54, 55, 79, 38, 67, 74, 64, 76, 58, 31, 68, 82, 6, 8, 40, 35, 20, 65, 22, 9, 62, 2, 83, 15, 36, 37, 11, 13, 41, 26, 61, 7, 12, 10, 56, 45, 32, 52, 24, 78, 1, 81, 21, 25, 75, 33, 59, 14, 60, 47, 42, 49, 77, 19, 30, 63, 72, 53, 29, 46, 73, 71, 28, 44, 4, 23, 48, 50, 69, 34, 27, 5, 57, 70, 17, 51, 39, 80
37, 27, 73, 17, 47, 79, 45, 3, 38, 52, 84, 10, 57, 55, 85, 80, 56, 6, 48, 31, 20, 44, 89, 74, 11, 19, 25, 76, 72, 83, 88, 60, 5, 68, 41, 87, 2, 8, 1, 13, 67, 54, 9, 29, 33, 14, 75, 46, 22, 70, 53, 66, 50, 64, 40, 4, 69, 34, 15, 39, 30, 36, 32, 35, 62, 61, 43, 63, 65, 58, 51, 23, 78, 59, 82, 77, 26, 21, 16, 49, 7, 81, 24, 18, 71, 28, 86, 12, 42
48, 84, 55, 87, 61, 33, 7, 15, 66, 6, 42, 57, 63, 40, 44, 1, 51, 94, 93, 52, 72, 70, 76, 36, 83, 64, 8, 50, 3, 18, 35, 2, 39, 58, 27, 45, 41, 46, 29, 23, 49, 96, 95, 30, 68, 20, 80, 19, 71, 12, 75, 56, 65, 38, 26, 54, 92, 28, 74, 22, 4, 85, 91, 13, 47, 59, 67, 97, 17, 5, 10, 16, 69, 89, 21, 77, 53, 32, 79, 81, 86, 25, 37, 43, 82, 24, 88, 73, 31, 34, 62, 9, 14, 11, 90, 60, 78
