2, 1;
3, 1, 2;
3, 1, 4, 5, 2;
3, 1, 4, 6, 7, 5, 2;
4, 9, 11, 6, 10, 7, 8, 2, 1, 3, 5;
2, 10, 11, 9, 12, 4, 13, 1, 5, 7, 8, 3, 6;
11, 2, 6, 17, 13, 15, 7, 9, 3, 16, 4, 8, 14, 10, 1, 5, 12;
5, 4, 11, 6, 14, 18, 16, 8, 2, 12, 9, 3, 19, 13, 10, 7, 17, 1, 15;
17, 11, 16, 23, 5, 9, 15, 21, 6, 1, 18, 20, 4, 8, 22, 10, 12, 14, 7, 2, 3, 13, 19;
10, 18, 28, 1, 5, 11, 15, 25, 7, 24, 19, 16, 22, 20, 26, 8, 12, 2, 6, 27, 17, 3, 21, 29, 14, 9, 13, 23, 4;
8, 18, 22, 25, 7, 24, 21, 13, 27, 14, 12, 3, 19, 31, 5, 15, 28, 9, 2, 16, 23, 20, 26, 6, 1, 4, 10, 11, 30, 29, 17;
8, 25, 9, 2, 35, 27, 14, 24, 18, 28, 29, 4, 13, 34, 5, 20, 3, 36, 23, 22, 16, 32, 6, 11, 19, 26, 17, 12, 15, 1, 37, 33, 10, 7, 21, 30, 31;
26, 22, 23, 31, 2, 19, 14, 13, 38, 40, 10, 5, 15, 1, 36, 18, 41, 9, 30, 20, 29, 33, 3, 12, 17, 25, 21, 28, 7, 32, 4, 39, 27, 34, 11, 24, 6, 8, 37, 35, 16;
41, 3, 35, 34, 30, 5, 25, 18, 33, 29, 16, 36, 26, 23, 27, 24, 42, 43, 1, 9, 10, 39, 6, 7, 11, 20, 19, 22, 14, 21, 38, 2, 8, 28, 4, 37, 12, 32, 15, 31, 13, 17, 40;
18, 1, 47, 44, 41, 26, 28, 14, 8, 45, 5, 25, 11, 29, 32, 31, 10, 30, 20, 43, 24, 35, 15, 9, 46, 6, 33, 40, 13, 12, 39, 34, 17, 7, 22, 38, 27, 2, 16, 19, 37, 3, 36, 21, 4, 23, 42;
21, 12, 4, 11, 32, 16, 28, 17, 6, 33, 20, 15, 27, 18, 47, 2, 36, 46, 23, 8, 7, 19, 10, 41, 34, 13, 39, 51, 52, 48, 30, 9, 24, 3, 43, 5, 22, 25, 49, 40, 29, 44, 31, 38, 37, 14, 50, 42, 45, 35, 53, 1, 26;
49, 34, 14, 10, 37, 30, 48, 51, 22, 40, 52, 20, 11, 6, 32, 44, 13, 29, 28, 47, 45, 3, 19, 31, 41, 17, 21, 26, 55, 33, 39, 42, 8, 4, 56, 54, 25, 15, 7, 36, 27, 24, 38, 59, 1, 58, 5, 43, 12, 23, 16, 53, 9, 18, 2, 50, 46, 35, 57;
4, 36, 38, 10, 48, 11, 37, 53, 59, 50, 13, 17, 57, 2, 21, 8, 14, 54, 26, 39, 22, 16, 31, 15, 52, 6, 60, 49, 44, 3, 33, 35, 25, 27, 20, 19, 24, 23, 47, 55, 28, 7, 61, 5, 30, 9, 40, 1, 46, 29, 56, 51, 12, 45, 58, 43, 41, 34, 32, 18, 42;
41, 43, 14, 1, 64, 38, 32, 48, 24, 22, 55, 35, 31, 51, 28, 27, 10, 36, 20, 23, 67, 44, 42, 60, 47, 15, 62, 49, 21, 9, 16, 54, 45, 3, 18, 46, 34, 8, 7, 30, 52, 25, 39, 50, 63, 12, 57, 13, 37, 17, 59, 56, 4, 29, 61, 33, 19, 40, 65, 2, 5, 11, 26, 66, 6, 58, 53;
59, 15, 20, 49, 36, 7, 47, 21, 24, 27, 53, 58, 3, 65, 52, 23, 25, 61, 41, 60, 19, 44, 50, 67, 16, 10, 6, 42, 66, 22, 64, 43, 2, 69, 56, 46, 33, 39, 26, 14, 13, 35, 63, 31, 1, 71, 70, 5, 34, 9, 62, 4, 38, 48, 29, 54, 28, 51, 30, 12, 40, 18, 45, 55, 32, 8, 11, 37, 17, 57, 68;
21, 22, 2, 23, 49, 1, 52, 15, 35, 14, 45, 39, 18, 68, 73, 33, 58, 41, 66, 43, 26, 63, 34, 4, 16, 59, 27, 50, 24, 5, 20, 54, 32, 38, 8, 60, 61, 72, 62, 51, 67, 17, 57, 30, 42, 10, 44, 69, 46, 70, 19, 56, 37, 25, 31, 29, 48, 11, 47, 28, 53, 36, 6, 65, 64, 71, 7, 55, 3, 13, 9, 12, 40;
73, 42, 7, 6, 24, 20, 13, 76, 51, 29, 30, 25, 28, 39, 17, 61, 49, 37, 46, 33, 35, 57, 68, 40, 10, 56, 79, 62, 18, 26, 31, 66, 8, 58, 63, 19, 4, 41, 44, 43, 60, 23, 15, 64, 59, 52, 55, 50, 22, 77, 9, 72, 78, 11, 38, 53, 34, 48, 5, 54, 2, 71, 65, 67, 32, 16, 45, 14, 47, 69, 27, 12, 21, 75, 1, 36, 70, 3, 74;
6, 73, 34, 14, 11, 17, 13, 50, 16, 23, 62, 63, 18, 48, 15, 12, 49, 29, 66, 24, 75, 58, 36, 52, 67, 59, 31, 10, 4, 44, 28, 33, 60, 47, 76, 22, 56, 27, 72, 64, 8, 46, 80, 77, 54, 43, 57, 55, 5, 7, 45, 42, 32, 71, 51, 2, 38, 69, 41, 74, 25, 9, 19, 20, 3, 79, 35, 61, 81, 21, 68, 30, 65, 53, 40, 78, 82, 37, 39, 70, 83, 1, 26;
72, 32, 15, 53, 69, 82, 84, 1, 89, 70, 77, 17, 27, 29, 85, 75, 30, 63, 28, 5, 43, 22, 12, 49, 6, 64, 65, 59, 62, 83, 39, 58, 48, 46, 13, 76, 19, 60, 20, 37, 61, 44, 67, 86, 41, 23, 68, 38, 45, 18, 52, 21, 11, 88, 87, 71, 78, 36, 35, 80, 81, 42, 73, 79, 9, 2, 74, 47, 56, 57, 7, 10, 26, 54, 14, 50, 51, 31, 55, 66, 4, 24, 40, 3, 25, 8, 33, 16, 34;
22, 70, 83, 64, 16, 35, 32, 5, 49, 47, 18, 45, 80, 66, 78, 29, 25, 30, 69, 63, 2, 42, 3, 92, 1, 79, 65, 54, 13, 56, 27, 34, 31, 17, 51, 94, 82, 60, 41, 10, 38, 93, 67, 36, 52, 21, 46, 58, 75, 77, 90, 76, 81, 73, 14, 6, 87, 55, 61, 71, 43, 89, 59, 8, 86, 72, 91, 12, 11, 28, 33, 84, 26, 44, 88, 15, 19, 50, 96, 95, 7, 24, 48, 53, 37, 85, 68, 4, 20, 23, 9, 97, 40, 57, 39, 62, 74
