2, 1;
2, 3, 1;
3, 1, 4, 5, 2;
3, 1, 4, 6, 7, 5, 2;
4, 9, 11, 6, 10, 7, 8, 2, 1, 3, 5;
8, 1, 10, 2, 11, 5, 3, 4, 12, 13, 9, 6, 7;
7, 2, 10, 17, 14, 13, 5, 3, 1, 16, 15, 11, 4, 8, 6, 9, 12;
11, 16, 14, 1, 12, 8, 6, 10, 19, 9, 18, 2, 13, 5, 7, 4, 15, 3, 17;
15, 2, 14, 16, 18, 10, 12, 7, 21, 23, 13, 11, 20, 17, 4, 19, 1, 3, 9, 22, 5, 8, 6;
12, 2, 6, 27, 18, 25, 22, 8, 13, 5, 21, 17, 19, 3, 14, 16, 4, 7, 9, 28, 11, 29, 15, 20, 1, 10, 23, 26, 24;
25, 12, 7, 15, 11, 26, 22, 13, 6, 18, 10, 28, 1, 20, 4, 29, 30, 31, 5, 23, 8, 24, 9, 3, 19, 21, 27, 17, 2, 16, 14;
23, 37, 25, 26, 4, 16, 15, 24, 29, 32, 30, 3, 1, 7, 8, 6, 17, 13, 36, 34, 27, 14, 12, 21, 19, 35, 22, 5, 28, 11, 10, 9, 33, 18, 20, 31, 2;
26, 40, 20, 31, 16, 3, 29, 17, 8, 41, 4, 24, 14, 28, 21, 19, 30, 25, 6, 13, 37, 10, 35, 36, 22, 18, 7, 2, 38, 32, 34, 9, 23, 12, 5, 11, 1, 27, 39, 33, 15;
40, 20, 31, 15, 39, 14, 29, 19, 4, 2, 36, 1, 7, 30, 32, 38, 27, 9, 6, 23, 8, 33, 43, 21, 26, 22, 17, 28, 5, 10, 35, 34, 3, 42, 37, 25, 12, 24, 18, 13, 16, 11, 41;
44, 41, 15, 47, 20, 6, 13, 32, 40, 17, 29, 46, 22, 34, 39, 19, 8, 31, 10, 3, 12, 26, 7, 4, 9, 5, 24, 11, 42, 25, 18, 28, 14, 2, 33, 21, 35, 43, 1, 16, 23, 37, 27, 30, 36, 45, 38;
18, 22, 45, 36, 14, 5, 53, 8, 20, 3, 49, 34, 32, 28, 43, 25, 41, 31, 12, 44, 23, 48, 42, 30, 33, 15, 46, 2, 38, 16, 17, 6, 21, 37, 39, 27, 13, 10, 11, 51, 1, 52, 24, 4, 35, 19, 26, 47, 29, 9, 7, 40, 50;
13, 12, 1, 55, 59, 14, 18, 16, 51, 46, 48, 42, 53, 44, 36, 37, 38, 49, 15, 33, 28, 21, 41, 25, 43, 50, 26, 11, 45, 47, 5, 30, 29, 52, 2, 34, 9, 24, 58, 20, 19, 31, 10, 57, 27, 40, 22, 3, 56, 23, 8, 4, 7, 17, 32, 35, 6, 39, 54;
9, 55, 22, 58, 37, 6, 40, 21, 44, 36, 5, 16, 19, 32, 4, 20, 12, 13, 60, 33, 23, 8, 24, 41, 52, 10, 25, 39, 34, 2, 45, 28, 31, 42, 38, 51, 57, 61, 14, 11, 43, 3, 30, 46, 48, 50, 7, 56, 15, 54, 17, 35, 49, 26, 53, 18, 27, 47, 1, 59, 29;
60, 40, 50, 28, 61, 39, 44, 3, 19, 41, 18, 14, 54, 59, 46, 25, 10, 49, 11, 30, 33, 21, 12, 15, 26, 38, 23, 4, 27, 20, 57, 36, 35, 29, 1, 7, 67, 48, 53, 62, 45, 9, 52, 64, 42, 24, 6, 58, 63, 56, 22, 37, 17, 55, 66, 16, 31, 13, 2, 51, 34, 65, 47, 5, 32, 43, 8;
13, 59, 34, 45, 65, 32, 20, 16, 50, 5, 3, 4, 31, 64, 46, 15, 28, 52, 2, 47, 55, 8, 71, 1, 70, 58, 17, 23, 14, 40, 39, 12, 26, 44, 42, 6, 57, 37, 27, 33, 10, 25, 24, 35, 67, 51, 30, 60, 63, 61, 18, 36, 7, 49, 41, 11, 38, 66, 53, 22, 19, 56, 48, 54, 21, 68, 29, 62, 9, 43, 69;
4, 49, 53, 31, 26, 39, 22, 29, 56, 23, 17, 27, 64, 16, 62, 5, 45, 12, 7, 42, 38, 67, 32, 40, 37, 3, 33, 52, 54, 35, 28, 41, 30, 14, 20, 15, 70, 34, 9, 6, 51, 44, 60, 19, 18, 66, 1, 48, 46, 36, 11, 55, 10, 2, 13, 69, 47, 57, 72, 25, 65, 8, 73, 24, 68, 61, 21, 50, 59, 58, 63, 71, 43;
31, 77, 5, 50, 63, 68, 49, 29, 16, 57, 9, 14, 51, 20, 30, 46, 58, 37, 35, 18, 59, 53, 27, 48, 42, 44, 43, 65, 17, 8, 36, 66, 40, 69, 4, 11, 54, 74, 39, 23, 21, 32, 61, 72, 45, 56, 6, 38, 47, 12, 71, 15, 26, 25, 62, 3, 34, 13, 19, 2, 22, 10, 7, 64, 70, 55, 73, 28, 33, 52, 60, 41, 24, 75, 67, 78, 79, 1, 76;
11, 28, 18, 46, 17, 65, 19, 57, 13, 61, 24, 81, 54, 55, 67, 16, 42, 8, 45, 50, 39, 22, 48, 7, 52, 26, 53, 72, 23, 34, 4, 71, 68, 15, 76, 36, 31, 3, 62, 47, 49, 5, 73, 21, 63, 14, 59, 35, 80, 1, 75, 2, 43, 37, 60, 56, 10, 83, 40, 6, 70, 41, 78, 51, 38, 82, 79, 64, 9, 58, 20, 29, 25, 30, 69, 27, 33, 12, 32, 66, 74, 77, 44;
47, 3, 45, 52, 12, 61, 17, 88, 50, 25, 13, 34, 32, 55, 72, 23, 53, 56, 43, 71, 84, 22, 7, 57, 2, 89, 51, 48, 35, 42, 31, 46, 18, 69, 60, 49, 16, 65, 66, 85, 1, 9, 29, 41, 82, 36, 15, 24, 6, 28, 73, 33, 19, 40, 79, 75, 27, 87, 5, 83, 59, 4, 20, 11, 77, 26, 70, 68, 64, 8, 38, 54, 39, 81, 67, 44, 10, 30, 14, 78, 37, 80, 21, 76, 74, 58, 63, 62, 86;
29, 20, 61, 6, 22, 27, 51, 65, 9, 74, 7, 50, 11, 70, 8, 25, 56, 42, 90, 13, 2, 14, 43, 24, 28, 34, 59, 75, 67, 57, 10, 23, 80, 4, 48, 30, 73, 84, 15, 35, 88, 95, 92, 87, 93, 77, 78, 53, 64, 55, 66, 76, 54, 91, 52, 69, 38, 62, 63, 97, 37, 81, 68, 17, 46, 40, 85, 86, 89, 1, 83, 19, 26, 60, 79, 41, 32, 3, 71, 58, 39, 47, 94, 82, 72, 96, 49, 18, 12, 33, 44, 16, 45, 31, 36, 21, 5
