2, 1;
3, 1, 2;
3, 1, 4, 5, 2;
4, 7, 6, 2, 1, 5, 3;
3, 8, 2, 10, 6, 11, 9, 7, 1, 4, 5;
9, 10, 8, 1, 13, 11, 4, 7, 3, 12, 5, 2, 6;
3, 9, 4, 12, 16, 15, 1, 17, 8, 14, 13, 7, 6, 5, 2, 11, 10;
10, 6, 1, 16, 12, 7, 13, 8, 14, 2, 9, 11, 4, 3, 18, 5, 19, 15, 17;
9, 4, 1, 21, 10, 7, 20, 23, 12, 3, 2, 5, 19, 14, 16, 22, 8, 17, 6, 18, 15, 13, 11;
2, 3, 13, 18, 1, 23, 12, 10, 19, 16, 7, 15, 14, 4, 6, 20, 28, 11, 27, 26, 22, 17, 5, 24, 9, 21, 29, 8, 25;
24, 3, 15, 25, 11, 22, 16, 4, 12, 13, 28, 6, 21, 7, 2, 18, 14, 20, 23, 30, 31, 1, 26, 29, 17, 8, 10, 27, 5, 19, 9;
29, 1, 14, 12, 26, 27, 5, 22, 23, 16, 3, 4, 21, 34, 6, 17, 37, 11, 36, 15, 18, 31, 13, 33, 28, 20, 9, 10, 35, 2, 24, 7, 8, 19, 25, 30, 32;
14, 8, 7, 39, 26, 18, 5, 4, 31, 15, 2, 10, 13, 16, 41, 22, 40, 38, 23, 35, 36, 19, 33, 17, 25, 6, 34, 20, 1, 37, 28, 29, 11, 24, 30, 27, 3, 12, 21, 32, 9;
19, 5, 12, 29, 24, 15, 33, 41, 30, 8, 32, 17, 25, 2, 20, 23, 1, 43, 42, 10, 37, 26, 11, 7, 31, 6, 18, 39, 27, 38, 13, 22, 14, 35, 28, 16, 21, 9, 4, 3, 36, 34, 40;
47, 45, 32, 8, 41, 46, 27, 9, 16, 40, 13, 19, 37, 7, 29, 12, 15, 33, 23, 28, 34, 20, 42, 44, 1, 39, 6, 38, 36, 10, 3, 30, 4, 18, 31, 43, 22, 35, 11, 14, 5, 17, 26, 24, 21, 25, 2;
31, 32, 19, 15, 11, 34, 4, 44, 26, 8, 53, 9, 6, 43, 49, 40, 35, 41, 23, 1, 51, 13, 52, 48, 20, 10, 42, 25, 7, 45, 5, 3, 24, 37, 18, 33, 47, 50, 27, 12, 36, 29, 16, 46, 17, 2, 38, 28, 21, 39, 14, 22, 30;
16, 23, 53, 25, 43, 18, 47, 7, 54, 11, 4, 42, 9, 15, 6, 31, 39, 51, 37, 22, 45, 27, 12, 13, 29, 46, 59, 1, 58, 40, 14, 48, 33, 50, 38, 34, 20, 2, 10, 19, 3, 8, 44, 30, 21, 49, 28, 32, 52, 17, 24, 26, 5, 55, 41, 36, 56, 35, 57;
47, 13, 59, 38, 33, 61, 56, 34, 16, 6, 46, 27, 30, 3, 35, 8, 53, 55, 1, 5, 60, 44, 15, 40, 29, 20, 57, 41, 42, 45, 12, 32, 39, 43, 31, 24, 11, 50, 49, 23, 58, 51, 25, 2, 14, 7, 36, 4, 52, 18, 19, 17, 10, 28, 22, 26, 21, 9, 48, 37, 54;
65, 40, 64, 29, 31, 22, 11, 62, 67, 59, 49, 33, 61, 15, 55, 26, 53, 54, 28, 21, 18, 46, 66, 45, 20, 48, 3, 58, 5, 52, 9, 25, 6, 63, 35, 44, 60, 2, 50, 57, 4, 36, 41, 30, 27, 39, 43, 17, 32, 38, 24, 12, 10, 56, 13, 51, 1, 19, 14, 23, 7, 47, 42, 34, 37, 8, 16;
29, 20, 59, 48, 10, 42, 6, 54, 9, 50, 62, 43, 58, 17, 44, 35, 14, 30, 46, 45, 33, 32, 61, 65, 1, 70, 68, 63, 55, 39, 60, 22, 3, 67, 56, 37, 47, 7, 41, 2, 8, 40, 25, 13, 15, 5, 18, 64, 4, 71, 31, 69, 57, 12, 34, 53, 19, 24, 28, 16, 49, 51, 11, 52, 23, 26, 36, 21, 38, 66, 27;
31, 20, 17, 49, 14, 35, 12, 9, 43, 67, 64, 34, 48, 73, 42, 25, 54, 37, 57, 24, 44, 2, 50, 65, 52, 69, 72, 39, 7, 22, 16, 10, 62, 45, 70, 1, 71, 8, 18, 46, 60, 33, 59, 5, 51, 3, 23, 32, 21, 40, 19, 15, 36, 68, 63, 26, 38, 53, 27, 61, 47, 28, 30, 58, 66, 56, 29, 55, 4, 13, 6, 41, 11;
10, 11, 62, 71, 54, 52, 22, 36, 69, 64, 16, 58, 66, 2, 46, 7, 63, 28, 18, 9, 75, 77, 39, 34, 21, 3, 67, 41, 60, 49, 51, 53, 76, 19, 27, 57, 48, 30, 42, 78, 35, 17, 20, 68, 32, 15, 50, 24, 72, 29, 73, 12, 47, 44, 25, 79, 74, 1, 43, 38, 14, 23, 8, 13, 26, 37, 70, 31, 6, 5, 40, 33, 45, 55, 61, 59, 56, 65, 4;
75, 64, 39, 17, 82, 38, 30, 12, 28, 44, 67, 6, 46, 72, 4, 1, 50, 18, 24, 62, 77, 80, 20, 53, 25, 34, 22, 27, 76, 70, 52, 54, 68, 78, 37, 10, 79, 55, 36, 47, 11, 15, 32, 58, 66, 14, 41, 40, 61, 23, 65, 48, 35, 16, 81, 42, 71, 29, 5, 60, 45, 51, 43, 57, 33, 2, 7, 19, 26, 59, 63, 74, 69, 83, 49, 13, 21, 56, 31, 8, 3, 9, 73;
15, 84, 46, 71, 22, 25, 73, 17, 19, 78, 51, 23, 47, 59, 64, 1, 56, 77, 34, 31, 27, 88, 24, 7, 74, 53, 6, 89, 9, 29, 28, 86, 82, 14, 13, 20, 4, 68, 42, 69, 54, 35, 67, 43, 39, 18, 21, 45, 58, 40, 87, 85, 41, 79, 55, 30, 8, 62, 72, 32, 49, 37, 60, 38, 48, 33, 11, 5, 10, 52, 81, 83, 36, 61, 12, 2, 50, 80, 65, 63, 26, 75, 66, 16, 44, 57, 76, 3, 70;
41, 21, 97, 91, 31, 22, 50, 44, 36, 90, 93, 33, 19, 84, 4, 80, 12, 7, 42, 8, 63, 66, 71, 79, 6, 30, 23, 59, 38, 43, 20, 35, 11, 45, 48, 28, 40, 74, 14, 54, 29, 68, 67, 85, 65, 34, 64, 81, 77, 18, 27, 94, 96, 1, 47, 95, 89, 86, 51, 78, 76, 37, 62, 61, 24, 15, 75, 46, 60, 2, 25, 55, 83, 53, 72, 13, 16, 3, 57, 88, 5, 17, 9, 39, 87, 92, 49, 32, 82, 26, 69, 52, 56, 58, 10, 73, 70
