2, 1;
2, 3, 1;
3, 1, 4, 5, 2;
3, 1, 4, 6, 7, 5, 2;
6, 11, 9, 4, 10, 7, 8, 2, 1, 3, 5;
10, 3, 5, 2, 12, 1, 9, 13, 11, 8, 7, 4, 6;
5, 12, 17, 8, 14, 9, 6, 13, 3, 15, 7, 2, 1, 10, 16, 4, 11;
9, 4, 7, 2, 13, 10, 14, 19, 8, 3, 11, 17, 5, 1, 18, 6, 12, 15, 16;
20, 23, 11, 3, 18, 5, 10, 1, 13, 17, 14, 12, 15, 21, 16, 2, 7, 9, 8, 6, 22, 19, 4;
13, 26, 17, 7, 28, 18, 23, 5, 4, 16, 20, 27, 11, 29, 6, 2, 10, 9, 25, 1, 22, 12, 15, 21, 14, 8, 24, 19, 3;
22, 16, 3, 20, 11, 31, 10, 1, 13, 24, 29, 30, 15, 14, 18, 12, 23, 21, 2, 6, 4, 5, 19, 27, 28, 7, 17, 25, 8, 9, 26;
8, 11, 17, 35, 3, 23, 10, 34, 21, 30, 37, 16, 18, 4, 28, 26, 31, 25, 22, 2, 6, 5, 24, 14, 33, 29, 9, 7, 36, 32, 20, 1, 27, 13, 19, 12, 15;
38, 31, 39, 10, 21, 24, 26, 11, 29, 12, 20, 33, 35, 19, 27, 9, 17, 41, 2, 13, 23, 15, 32, 5, 34, 22, 30, 8, 18, 36, 16, 28, 25, 4, 14, 7, 6, 40, 1, 3, 37;
8, 17, 21, 7, 31, 4, 40, 6, 9, 2, 30, 22, 15, 26, 10, 34, 16, 28, 27, 36, 13, 5, 12, 33, 37, 11, 3, 24, 14, 25, 39, 18, 29, 20, 23, 32, 19, 43, 1, 42, 38, 35, 41;
29, 38, 27, 40, 37, 13, 4, 36, 31, 7, 20, 3, 34, 39, 45, 47, 41, 35, 15, 11, 8, 25, 43, 44, 1, 5, 19, 14, 9, 12, 33, 46, 21, 24, 6, 16, 10, 23, 2, 26, 32, 17, 18, 28, 22, 42, 30;
29, 12, 44, 9, 46, 4, 33, 20, 32, 22, 23, 21, 28, 31, 42, 14, 16, 15, 6, 39, 30, 37, 43, 25, 24, 38, 47, 48, 36, 53, 7, 17, 26, 11, 40, 18, 34, 19, 27, 50, 51, 41, 10, 8, 52, 49, 45, 1, 13, 35, 2, 3, 5;
18, 46, 6, 47, 24, 36, 21, 8, 58, 4, 32, 27, 12, 43, 57, 54, 19, 45, 16, 30, 38, 49, 42, 34, 10, 9, 17, 39, 25, 3, 23, 2, 37, 51, 13, 14, 33, 35, 20, 11, 56, 7, 31, 5, 48, 29, 28, 50, 41, 15, 40, 53, 22, 52, 59, 1, 55, 26, 44;
23, 40, 14, 8, 38, 47, 39, 30, 51, 41, 52, 59, 1, 60, 6, 34, 45, 32, 36, 15, 24, 10, 9, 27, 13, 43, 11, 17, 12, 2, 25, 35, 28, 55, 5, 56, 3, 57, 42, 50, 18, 37, 19, 58, 61, 26, 46, 31, 7, 4, 16, 54, 20, 22, 44, 49, 21, 29, 33, 48, 53;
34, 13, 6, 46, 55, 15, 27, 43, 39, 17, 31, 28, 50, 23, 58, 7, 51, 4, 2, 60, 49, 42, 10, 37, 20, 44, 57, 52, 5, 9, 22, 24, 16, 36, 45, 3, 32, 54, 30, 62, 47, 25, 35, 11, 26, 66, 67, 38, 29, 21, 56, 59, 18, 8, 12, 41, 14, 40, 48, 33, 65, 53, 1, 63, 19, 64, 61;
33, 12, 49, 18, 3, 21, 36, 39, 7, 22, 50, 40, 28, 48, 32, 64, 20, 26, 42, 68, 45, 9, 6, 44, 13, 38, 31, 27, 55, 30, 29, 53, 58, 52, 34, 25, 8, 16, 61, 66, 46, 65, 70, 1, 15, 19, 60, 51, 14, 59, 23, 11, 57, 5, 56, 35, 2, 24, 4, 47, 10, 62, 41, 37, 71, 67, 17, 54, 63, 43, 69;
57, 11, 15, 10, 18, 53, 25, 70, 20, 48, 67, 29, 38, 52, 30, 43, 73, 28, 50, 41, 23, 51, 5, 47, 8, 21, 9, 54, 17, 69, 36, 31, 13, 4, 62, 24, 33, 59, 22, 26, 27, 34, 2, 37, 56, 60, 44, 64, 45, 32, 39, 63, 3, 35, 16, 55, 40, 71, 61, 14, 66, 12, 65, 49, 42, 6, 46, 68, 72, 7, 58, 1, 19;
75, 54, 78, 77, 36, 1, 15, 21, 46, 64, 37, 11, 9, 45, 3, 62, 26, 40, 63, 53, 71, 59, 33, 8, 66, 41, 72, 52, 60, 25, 10, 27, 32, 38, 14, 5, 65, 68, 44, 55, 7, 22, 28, 29, 42, 2, 74, 70, 18, 17, 49, 35, 48, 73, 43, 19, 76, 39, 12, 6, 24, 23, 61, 31, 16, 69, 47, 56, 34, 79, 51, 57, 4, 50, 67, 20, 13, 30, 58;
21, 35, 65, 20, 42, 9, 71, 67, 76, 26, 68, 83, 79, 44, 56, 11, 8, 69, 52, 1, 82, 14, 41, 34, 18, 32, 73, 45, 31, 38, 55, 39, 46, 33, 64, 43, 70, 7, 12, 80, 30, 50, 10, 6, 77, 17, 27, 58, 16, 22, 28, 66, 36, 54, 4, 29, 47, 23, 49, 51, 13, 24, 60, 5, 74, 57, 63, 2, 78, 25, 40, 15, 75, 19, 59, 48, 61, 72, 53, 62, 3, 37, 81;
86, 9, 68, 42, 45, 32, 43, 58, 89, 23, 37, 15, 63, 59, 17, 29, 33, 54, 12, 21, 10, 7, 55, 66, 2, 56, 77, 71, 48, 41, 61, 16, 14, 85, 6, 82, 4, 81, 19, 74, 50, 69, 24, 46, 65, 60, 28, 80, 52, 31, 70, 84, 11, 40, 72, 34, 78, 83, 76, 67, 30, 13, 57, 22, 36, 47, 79, 44, 38, 3, 18, 25, 51, 73, 88, 49, 87, 62, 8, 64, 26, 35, 5, 20, 75, 39, 27, 1, 53;
7, 22, 94, 57, 40, 65, 15, 31, 37, 36, 80, 49, 4, 24, 67, 9, 91, 14, 17, 72, 6, 53, 81, 35, 11, 84, 82, 20, 34, 44, 51, 43, 50, 90, 56, 93, 68, 48, 75, 3, 71, 46, 5, 79, 21, 41, 96, 19, 66, 38, 54, 92, 64, 1, 97, 95, 73, 33, 60, 16, 8, 62, 29, 83, 74, 69, 89, 78, 58, 10, 2, 87, 25, 47, 12, 18, 27, 70, 32, 77, 45, 85, 26, 52, 61, 28, 63, 55, 13, 30, 86, 23, 39, 88, 59, 76, 42
