2, 1
2, 3, 1
3, 1, 4, 5, 2
4, 7, 6, 2, 1, 5, 3
4, 9, 11, 6, 10, 7, 8, 2, 1, 3, 5
8, 2, 1, 12, 7, 5, 11, 10, 13, 9, 3, 4, 6
8, 9, 15, 16, 6, 14, 5, 10, 13, 2, 11, 12, 17, 3, 1, 4, 7
12, 13, 19, 9, 7, 5, 14, 10, 2, 6, 8, 3, 18, 16, 4, 11, 17, 1, 15
22, 19, 14, 6, 21, 8, 13, 10, 23, 4, 9, 7, 1, 11, 2, 3, 20, 5, 15, 12, 17, 16, 18
13, 29, 3, 6, 25, 26, 7, 1, 20, 8, 14, 10, 22, 28, 23, 9, 4, 11, 2, 17, 18, 24, 5, 16, 15, 21, 19, 12, 27
13, 30, 31, 29, 23, 14, 26, 6, 25, 22, 11, 7, 2, 16, 20, 8, 10, 4, 18, 5, 3, 19, 15, 21, 27, 24, 9, 12, 17, 28, 1
33, 6, 20, 11, 9, 37, 1, 36, 17, 21, 26, 28, 22, 30, 2, 7, 16, 27, 15, 14, 10, 19, 29, 8, 12, 32, 3, 24, 13, 31, 25, 18, 4, 34, 23, 5, 35
5, 18, 9, 21, 10, 41, 4, 28, 29, 2, 14, 31, 3, 37, 40, 11, 26, 30, 33, 13, 8, 7, 20, 19, 16, 15, 23, 25, 38, 17, 6, 36, 22, 24, 34, 39, 35, 32, 1, 12, 27
10, 22, 36, 35, 12, 37, 33, 34, 16, 8, 17, 26, 31, 7, 43, 38, 4, 11, 20, 30, 41, 27, 19, 6, 39, 40, 18, 23, 3, 15, 25, 28, 21, 2, 32, 24, 1, 14, 9, 29, 13, 5, 42
46, 26, 12, 8, 23, 31, 34, 30, 38, 36, 11, 35, 37, 5, 27, 14, 24, 47, 6, 18, 29, 45, 44, 2, 40, 3, 19, 4, 25, 13, 9, 15, 42, 1, 22, 10, 7, 41, 21, 16, 43, 33, 28, 17, 20, 39, 32
21, 44, 17, 8, 35, 50, 37, 42, 7, 1, 52, 29, 48, 27, 36, 9, 12, 32, 45, 25, 47, 24, 26, 11, 49, 53, 5, 19, 23, 2, 34, 13, 30, 18, 31, 38, 22, 14, 20, 46, 40, 33, 43, 3, 16, 6, 4, 41, 15, 10, 28, 39, 51
31, 55, 26, 6, 40, 54, 37, 46, 14, 59, 16, 8, 58, 41, 28, 36, 13, 5, 44, 53, 48, 9, 35, 30, 10, 24, 20, 50, 49, 23, 47, 7, 19, 11, 33, 52, 45, 15, 39, 29, 38, 42, 2, 27, 51, 17, 43, 34, 22, 18, 56, 1, 57, 4, 12, 32, 25, 21, 3
59, 41, 16, 30, 45, 54, 53, 13, 32, 44, 43, 8, 39, 42, 28, 38, 56, 12, 22, 33, 51, 48, 57, 37, 49, 10, 11, 61, 26, 46, 1, 6, 47, 19, 25, 34, 50, 3, 18, 52, 27, 20, 24, 5, 2, 29, 9, 60, 17, 23, 35, 7, 40, 31, 58, 4, 15, 21, 55, 14, 36
21, 57, 3, 61, 50, 40, 33, 25, 12, 16, 23, 9, 11, 14, 48, 47, 38, 27, 39, 37, 6, 29, 55, 53, 8, 59, 64, 13, 15, 52, 2, 45, 56, 7, 18, 66, 1, 44, 34, 31, 67, 63, 42, 30, 28, 51, 36, 32, 41, 58, 60, 43, 19, 4, 49, 54, 35, 20, 24, 17, 62, 10, 26, 46, 22, 5, 65
32, 4, 43, 40, 25, 34, 38, 47, 48, 66, 59, 35, 6, 46, 65, 70, 3, 5, 39, 62, 44, 13, 31, 54, 15, 71, 69, 67, 1, 30, 61, 68, 9, 8, 63, 18, 42, 33, 50, 58, 57, 7, 2, 27, 29, 17, 19, 60, 51, 20, 41, 23, 11, 26, 55, 64, 28, 21, 56, 12, 16, 24, 37, 22, 49, 53, 45, 14, 10, 52, 36
15, 60, 14, 54, 48, 30, 33, 70, 6, 19, 29, 46, 50, 69, 66, 1, 67, 16, 55, 10, 7, 73, 27, 28, 12, 44, 53, 65, 45, 5, 52, 23, 31, 3, 71, 9, 47, 63, 40, 42, 8, 4, 56, 41, 62, 22, 2, 68, 36, 25, 13, 11, 61, 58, 24, 17, 39, 38, 57, 20, 64, 59, 35, 32, 43, 18, 51, 26, 21, 34, 37, 49, 72
9, 24, 60, 76, 37, 28, 79, 2, 56, 33, 10, 47, 23, 18, 40, 14, 59, 6, 29, 65, 71, 48, 21, 53, 39, 77, 61, 52, 58, 5, 17, 38, 50, 13, 26, 27, 43, 32, 75, 22, 15, 45, 30, 51, 73, 31, 46, 41, 49, 3, 54, 12, 69, 68, 8, 64, 44, 1, 4, 36, 16, 72, 66, 67, 11, 62, 74, 20, 34, 7, 57, 19, 78, 25, 55, 70, 35, 63, 42
72, 6, 64, 71, 60, 58, 5, 48, 83, 68, 39, 81, 33, 21, 30, 65, 50, 38, 8, 73, 78, 35, 3, 57, 80, 24, 77, 29, 59, 10, 79, 56, 18, 46, 1, 55, 9, 19, 75, 26, 69, 74, 63, 16, 52, 15, 43, 66, 42, 34, 45, 17, 61, 36, 54, 11, 23, 32, 7, 20, 22, 76, 70, 44, 47, 41, 13, 67, 82, 49, 28, 51, 2, 62, 31, 4, 25, 40, 37, 27, 14, 53, 12
66, 49, 58, 48, 16, 32, 44, 31, 82, 45, 35, 81, 63, 29, 6, 43, 26, 51, 80, 34, 55, 77, 3, 7, 40, 87, 10, 62, 83, 41, 79, 67, 75, 37, 2, 54, 59, 72, 46, 38, 47, 73, 61, 36, 60, 13, 5, 65, 76, 64, 23, 52, 39, 14, 9, 21, 17, 69, 57, 71, 42, 50, 1, 89, 86, 88, 24, 56, 70, 30, 22, 27, 4, 11, 84, 28, 68, 12, 53, 8, 15, 74, 20, 78, 25, 85, 19, 18, 33
54, 79, 28, 9, 22, 69, 39, 80, 90, 55, 56, 48, 65, 7, 77, 72, 32, 83, 67, 53, 81, 74, 31, 43, 38, 76, 3, 84, 41, 66, 60, 15, 63, 5, 6, 59, 58, 87, 18, 29, 64, 52, 1, 40, 23, 44, 46, 20, 57, 89, 62, 71, 35, 97, 91, 36, 4, 37, 16, 75, 30, 88, 96, 10, 45, 95, 93, 86, 17, 12, 27, 11, 61, 14, 85, 94, 34, 13, 51, 25, 49, 33, 24, 78, 73, 19, 68, 8, 21, 42, 2, 82, 50, 92, 47, 70, 26
