2, 1;
2, 3, 1;
3, 1, 4, 5, 2;
3, 1, 4, 6, 7, 5, 2;
2, 3, 8, 10, 6, 11, 9, 7, 1, 4, 5;
11, 8, 12, 13, 9, 5, 1, 10, 2, 4, 3, 6, 7;
13, 3, 10, 5, 14, 16, 1, 17, 6, 9, 8, 4, 2, 7, 15, 12, 11;
5, 17, 12, 10, 3, 6, 4, 7, 11, 2, 8, 9, 18, 16, 13, 19, 14, 1, 15;
11, 5, 13, 18, 7, 2, 4, 3, 15, 16, 9, 14, 20, 19, 6, 22, 23, 12, 10, 17, 1, 21, 8;
23, 26, 29, 5, 17, 24, 28, 11, 12, 2, 22, 18, 13, 25, 19, 10, 16, 21, 8, 27, 14, 20, 15, 7, 6, 9, 4, 1, 3;
6, 23, 29, 19, 14, 30, 8, 18, 2, 7, 22, 15, 31, 16, 13, 12, 5, 27, 21, 26, 25, 4, 28, 17, 9, 24, 3, 1, 11, 20, 10;
13, 19, 2, 29, 32, 10, 15, 1, 31, 17, 25, 6, 35, 33, 7, 23, 4, 16, 14, 20, 3, 26, 24, 18, 27, 9, 12, 36, 34, 11, 5, 21, 37, 22, 8, 30, 28;
21, 31, 29, 35, 18, 27, 14, 36, 19, 4, 10, 34, 2, 37, 11, 9, 24, 30, 39, 16, 33, 26, 13, 17, 12, 28, 23, 22, 25, 7, 3, 32, 6, 5, 41, 8, 20, 1, 40, 38, 15;
2, 11, 21, 25, 24, 38, 3, 7, 1, 15, 43, 30, 28, 13, 5, 34, 39, 26, 23, 14, 42, 32, 8, 20, 36, 31, 16, 10, 29, 12, 18, 41, 17, 19, 33, 27, 37, 6, 9, 22, 40, 4, 35;
17, 18, 4, 33, 14, 16, 35, 24, 12, 9, 20, 2, 41, 44, 23, 7, 37, 5, 38, 42, 3, 30, 34, 21, 36, 27, 8, 25, 47, 22, 10, 46, 32, 6, 31, 26, 40, 19, 29, 43, 13, 11, 15, 39, 1, 28, 45;
35, 26, 30, 6, 17, 42, 27, 9, 13, 24, 36, 32, 41, 53, 29, 33, 16, 43, 8, 7, 15, 20, 28, 25, 3, 40, 4, 47, 34, 5, 10, 45, 23, 21, 38, 22, 11, 2, 14, 48, 37, 44, 39, 31, 46, 12, 18, 19, 51, 52, 49, 1, 50;
40, 5, 19, 16, 6, 11, 56, 55, 7, 13, 4, 23, 22, 18, 32, 27, 2, 36, 44, 54, 3, 35, 41, 26, 25, 17, 20, 43, 48, 28, 59, 42, 14, 30, 51, 8, 50, 46, 31, 47, 29, 24, 39, 58, 53, 49, 33, 37, 38, 9, 15, 34, 12, 21, 45, 10, 52, 1, 57;
51, 43, 45, 19, 13, 44, 6, 52, 38, 3, 14, 40, 41, 8, 30, 31, 4, 56, 1, 11, 47, 2, 60, 9, 10, 59, 32, 16, 27, 24, 42, 5, 20, 7, 49, 29, 23, 54, 25, 33, 34, 48, 55, 58, 37, 57, 15, 46, 35, 39, 61, 28, 21, 26, 50, 53, 22, 18, 17, 36, 12;
55, 12, 9, 53, 14, 15, 42, 13, 17, 32, 58, 8, 2, 62, 66, 26, 63, 29, 24, 33, 22, 46, 19, 38, 30, 7, 67, 64, 23, 48, 25, 40, 51, 16, 20, 47, 49, 57, 36, 3, 34, 61, 1, 65, 4, 6, 5, 35, 39, 37, 11, 54, 56, 43, 44, 27, 18, 31, 28, 21, 41, 60, 45, 50, 52, 10, 59;
24, 54, 34, 17, 61, 51, 46, 41, 40, 36, 25, 10, 12, 37, 16, 11, 42, 21, 22, 1, 69, 63, 33, 44, 57, 70, 7, 2, 49, 38, 14, 9, 59, 52, 30, 5, 32, 8, 71, 47, 15, 19, 18, 56, 55, 67, 39, 31, 3, 53, 23, 66, 58, 20, 4, 27, 48, 26, 64, 29, 45, 65, 62, 28, 50, 13, 35, 60, 6, 43, 68;
52, 42, 41, 17, 45, 69, 13, 54, 55, 12, 67, 10, 58, 3, 30, 39, 38, 33, 29, 24, 40, 28, 56, 14, 35, 70, 27, 48, 65, 59, 31, 73, 32, 34, 50, 26, 51, 15, 66, 20, 21, 36, 44, 1, 68, 63, 6, 2, 23, 53, 25, 60, 71, 47, 9, 61, 11, 18, 43, 62, 22, 7, 64, 19, 5, 72, 16, 49, 46, 4, 8, 37, 57;
55, 46, 56, 27, 51, 66, 74, 59, 10, 23, 33, 22, 32, 14, 37, 50, 70, 69, 25, 67, 7, 48, 21, 19, 1, 79, 78, 40, 36, 13, 41, 45, 18, 53, 35, 44, 42, 30, 73, 24, 54, 75, 20, 28, 57, 64, 8, 68, 9, 77, 4, 58, 11, 62, 49, 17, 52, 3, 60, 63, 6, 15, 2, 47, 38, 65, 34, 31, 26, 39, 71, 72, 16, 29, 5, 43, 12, 61, 76;
25, 41, 37, 77, 55, 73, 61, 70, 18, 42, 57, 10, 48, 43, 34, 29, 51, 83, 53, 72, 63, 80, 2, 12, 62, 54, 3, 68, 56, 33, 47, 76, 19, 22, 11, 4, 15, 36, 58, 74, 9, 16, 60, 49, 20, 45, 64, 46, 39, 75, 30, 52, 21, 38, 5, 65, 67, 14, 50, 28, 66, 78, 26, 40, 32, 27, 24, 17, 8, 6, 82, 81, 71, 13, 69, 44, 1, 79, 59, 35, 23, 31, 7;
18, 73, 41, 48, 20, 87, 39, 63, 28, 60, 81, 79, 30, 25, 64, 22, 55, 4, 52, 12, 10, 76, 51, 45, 82, 34, 44, 1, 40, 21, 75, 35, 23, 88, 56, 11, 84, 61, 69, 19, 74, 49, 77, 65, 83, 38, 53, 43, 5, 72, 57, 85, 36, 14, 37, 26, 62, 6, 3, 71, 46, 80, 42, 70, 2, 27, 7, 16, 15, 78, 50, 54, 89, 8, 24, 58, 67, 68, 66, 59, 33, 17, 86, 31, 9, 13, 32, 47, 29;
76, 43, 29, 92, 8, 48, 86, 81, 52, 88, 68, 61, 37, 56, 15, 2, 82, 19, 83, 38, 90, 71, 67, 23, 40, 73, 70, 34, 22, 75, 87, 69, 39, 65, 94, 26, 32, 85, 57, 44, 4, 89, 3, 84, 80, 58, 18, 66, 5, 24, 50, 79, 17, 41, 54, 16, 47, 33, 11, 27, 36, 42, 9, 72, 10, 14, 91, 31, 46, 97, 93, 21, 62, 7, 49, 51, 30, 64, 45, 60, 35, 59, 63, 78, 96, 1, 20, 55, 6, 53, 13, 12, 77, 25, 74, 28, 95
