2, 1
3, 1, 2
3, 1, 4, 5, 2
3, 1, 4, 6, 7, 5, 2
7, 10, 6, 11, 9, 4, 8, 2, 1, 3, 5
2, 7, 9, 13, 4, 6, 11, 12, 1, 10, 5, 3, 8
2, 4, 10, 5, 3, 13, 1, 8, 15, 9, 11, 6, 16, 12, 7, 17, 14
5, 2, 1, 3, 16, 15, 4, 12, 13, 7, 8, 18, 19, 9, 14, 17, 11, 10, 6
6, 3, 10, 12, 2, 8, 23, 14, 13, 9, 17, 22, 21, 4, 18, 20, 11, 5, 1, 15, 16, 19, 7
20, 5, 10, 1, 19, 29, 12, 17, 25, 18, 16, 13, 8, 21, 23, 15, 2, 27, 9, 3, 7, 28, 4, 22, 6, 24, 14, 11, 26
9, 17, 14, 20, 10, 23, 31, 1, 30, 26, 19, 18, 22, 16, 8, 4, 27, 6, 3, 15, 25, 21, 13, 12, 7, 28, 5, 11, 24, 2, 29
13, 36, 22, 31, 23, 9, 26, 1, 3, 28, 15, 30, 7, 24, 17, 4, 16, 12, 29, 34, 11, 25, 5, 18, 6, 35, 14, 21, 32, 20, 33, 37, 10, 27, 19, 2, 8
11, 12, 27, 40, 1, 41, 9, 5, 25, 15, 33, 26, 7, 35, 16, 13, 20, 2, 29, 24, 38, 8, 34, 23, 22, 17, 18, 14, 31, 37, 6, 10, 32, 36, 4, 19, 28, 3, 21, 30, 39
19, 43, 7, 23, 28, 31, 20, 14, 18, 38, 42, 17, 3, 37, 12, 11, 13, 25, 10, 24, 29, 15, 4, 39, 9, 22, 34, 1, 41, 8, 30, 6, 36, 35, 27, 5, 2, 33, 26, 32, 21, 40, 16
2, 32, 34, 30, 25, 45, 44, 27, 35, 40, 10, 46, 23, 6, 11, 36, 24, 39, 8, 16, 12, 47, 1, 42, 21, 4, 29, 17, 37, 3, 9, 28, 20, 22, 7, 19, 43, 38, 41, 14, 18, 13, 26, 5, 31, 33, 15
19, 23, 4, 22, 50, 44, 27, 37, 8, 24, 48, 31, 46, 40, 34, 15, 25, 10, 13, 42, 49, 47, 28, 43, 32, 3, 9, 6, 45, 53, 7, 41, 36, 20, 14, 33, 1, 16, 51, 35, 21, 12, 30, 39, 38, 17, 2, 11, 5, 18, 26, 29, 52
4, 17, 46, 15, 45, 25, 5, 32, 39, 23, 40, 33, 8, 19, 37, 36, 52, 22, 47, 18, 7, 26, 21, 44, 11, 27, 53, 24, 6, 34, 16, 51, 42, 49, 28, 38, 2, 31, 30, 14, 56, 9, 10, 12, 13, 29, 41, 3, 20, 54, 43, 35, 48, 50, 55, 59, 1, 58, 57
41, 22, 55, 20, 10, 42, 34, 58, 8, 12, 23, 38, 26, 40, 31, 39, 15, 49, 53, 33, 47, 5, 57, 17, 50, 9, 27, 4, 29, 45, 44, 18, 51, 25, 6, 37, 11, 13, 3, 30, 19, 2, 43, 35, 32, 60, 54, 48, 56, 52, 7, 36, 61, 21, 24, 16, 59, 28, 46, 1, 14
58, 43, 47, 8, 10, 41, 11, 16, 30, 57, 48, 65, 38, 33, 15, 2, 14, 64, 27, 40, 51, 22, 60, 9, 54, 39, 45, 59, 29, 62, 34, 66, 49, 1, 63, 25, 17, 12, 53, 5, 52, 4, 35, 20, 3, 61, 19, 37, 21, 55, 32, 46, 28, 13, 44, 56, 6, 18, 67, 24, 36, 7, 23, 50, 42, 26, 31
13, 11, 63, 36, 45, 30, 62, 3, 16, 68, 8, 6, 37, 28, 41, 19, 71, 10, 32, 22, 48, 27, 17, 29, 21, 18, 70, 69, 60, 20, 39, 52, 57, 14, 23, 59, 53, 15, 24, 5, 26, 40, 44, 54, 46, 33, 42, 51, 34, 38, 4, 65, 49, 9, 31, 2, 25, 47, 56, 64, 43, 12, 35, 61, 50, 1, 66, 58, 7, 55, 67
3, 49, 44, 55, 41, 64, 51, 38, 42, 16, 9, 40, 35, 32, 70, 15, 5, 59, 24, 58, 69, 2, 27, 18, 14, 56, 6, 19, 34, 47, 20, 21, 13, 23, 48, 65, 33, 71, 39, 52, 29, 67, 63, 30, 1, 57, 61, 8, 7, 66, 25, 12, 28, 54, 50, 72, 37, 60, 17, 73, 43, 26, 46, 10, 4, 11, 53, 45, 31, 68, 62, 22, 36
18, 1, 41, 4, 23, 36, 28, 11, 5, 10, 59, 79, 21, 26, 31, 70, 58, 2, 56, 20, 46, 17, 78, 76, 12, 69, 35, 40, 33, 49, 25, 7, 54, 50, 9, 44, 19, 60, 39, 43, 15, 64, 57, 3, 72, 14, 8, 73, 55, 51, 74, 75, 32, 47, 38, 65, 61, 16, 22, 48, 52, 42, 30, 34, 71, 37, 62, 53, 68, 67, 6, 63, 77, 45, 13, 24, 66, 27, 29
60, 37, 12, 78, 7, 67, 53, 38, 59, 31, 36, 51, 1, 82, 71, 50, 74, 20, 62, 76, 43, 72, 70, 42, 19, 52, 22, 24, 49, 79, 83, 32, 25, 4, 29, 40, 5, 57, 30, 61, 34, 55, 9, 58, 69, 21, 45, 16, 44, 63, 46, 54, 23, 14, 17, 8, 65, 13, 73, 2, 33, 28, 66, 10, 47, 64, 35, 26, 39, 3, 77, 41, 48, 27, 18, 11, 6, 56, 80, 75, 15, 68, 81
47, 25, 18, 14, 81, 39, 50, 4, 36, 79, 75, 78, 24, 9, 63, 44, 22, 41, 10, 64, 20, 16, 38, 87, 88, 55, 8, 2, 74, 43, 34, 28, 31, 67, 77, 68, 71, 52, 51, 30, 73, 17, 62, 46, 15, 49, 11, 27, 42, 61, 40, 13, 35, 45, 48, 5, 56, 32, 53, 84, 33, 59, 66, 57, 3, 69, 23, 29, 54, 89, 12, 7, 85, 37, 80, 72, 65, 60, 82, 21, 76, 26, 83, 6, 58, 70, 19, 1, 86
18, 10, 74, 56, 87, 88, 93, 94, 41, 48, 13, 45, 86, 54, 25, 62, 35, 3, 6, 70, 82, 2, 63, 64, 91, 39, 29, 26, 65, 12, 17, 76, 61, 59, 19, 4, 75, 1, 96, 49, 14, 97, 46, 34, 16, 9, 24, 81, 22, 8, 5, 89, 31, 83, 71, 43, 37, 77, 60, 47, 69, 68, 90, 30, 28, 57, 66, 78, 58, 7, 72, 15, 55, 11, 51, 73, 32, 38, 27, 53, 67, 92, 23, 85, 52, 36, 20, 79, 33, 50, 42, 44, 95, 84, 40, 80, 21
