2, 1;
2, 3, 1;
3, 1, 4, 5, 2;
3, 1, 4, 6, 7, 5, 2;
4, 9, 11, 6, 10, 7, 8, 2, 1, 3, 5;
3, 1, 7, 13, 8, 9, 11, 10, 2, 5, 12, 4, 6;
14, 10, 9, 5, 3, 6, 15, 2, 4, 1, 12, 16, 17, 7, 13, 11, 8;
10, 3, 8, 15, 1, 12, 9, 17, 16, 4, 2, 6, 11, 19, 14, 18, 13, 5, 7;
10, 5, 19, 2, 7, 16, 8, 22, 21, 15, 17, 9, 4, 3, 12, 14, 11, 13, 20, 23, 1, 6, 18;
24, 1, 9, 23, 22, 19, 27, 16, 29, 7, 11, 3, 12, 2, 14, 5, 8, 18, 15, 28, 21, 13, 26, 17, 20, 25, 10, 6, 4;
23, 21, 22, 10, 15, 3, 29, 1, 7, 26, 13, 25, 4, 6, 30, 24, 9, 20, 16, 12, 8, 2, 28, 19, 5, 31, 17, 11, 27, 18, 14;
35, 8, 27, 5, 34, 12, 2, 31, 10, 18, 3, 29, 24, 28, 17, 7, 25, 21, 33, 6, 22, 14, 26, 4, 16, 20, 23, 1, 37, 32, 13, 9, 36, 11, 15, 30, 19;
11, 37, 39, 32, 10, 14, 20, 1, 27, 38, 41, 30, 22, 21, 9, 18, 34, 2, 25, 33, 23, 17, 15, 28, 35, 24, 7, 16, 19, 5, 36, 29, 12, 8, 6, 3, 13, 4, 26, 40, 31;
42, 33, 27, 19, 6, 7, 26, 32, 34, 12, 1, 18, 8, 25, 30, 9, 29, 39, 20, 14, 22, 11, 21, 15, 31, 40, 13, 23, 37, 43, 10, 38, 16, 4, 3, 24, 35, 17, 2, 28, 41, 36, 5;
7, 10, 14, 38, 35, 31, 33, 37, 20, 47, 29, 40, 30, 19, 27, 12, 13, 43, 36, 3, 8, 9, 22, 34, 16, 32, 4, 6, 25, 11, 5, 26, 18, 24, 39, 17, 42, 1, 45, 46, 41, 23, 28, 21, 2, 15, 44;
26, 15, 17, 42, 23, 18, 25, 29, 41, 47, 21, 43, 10, 40, 32, 22, 8, 44, 7, 35, 36, 49, 16, 50, 53, 37, 28, 51, 1, 20, 6, 33, 2, 24, 52, 3, 27, 13, 31, 11, 14, 19, 12, 46, 34, 30, 45, 38, 39, 4, 48, 5, 9;
57, 5, 49, 22, 47, 26, 46, 53, 12, 16, 41, 42, 38, 56, 51, 52, 10, 29, 21, 15, 40, 13, 17, 3, 14, 37, 7, 33, 11, 9, 20, 1, 58, 54, 55, 24, 48, 35, 4, 2, 39, 25, 30, 8, 18, 36, 44, 34, 31, 45, 32, 23, 59, 50, 28, 6, 27, 43, 19;
54, 13, 4, 15, 10, 37, 20, 34, 45, 41, 36, 14, 28, 61, 17, 50, 2, 22, 44, 38, 39, 58, 19, 52, 59, 24, 9, 60, 32, 31, 29, 16, 42, 5, 18, 47, 49, 25, 12, 43, 48, 1, 40, 26, 8, 27, 55, 7, 6, 56, 21, 35, 3, 33, 23, 11, 53, 57, 51, 46, 30;
50, 46, 53, 8, 34, 37, 40, 59, 23, 58, 32, 64, 51, 54, 28, 35, 19, 45, 31, 33, 16, 1, 14, 44, 17, 62, 5, 26, 63, 2, 24, 4, 56, 41, 10, 15, 12, 27, 36, 29, 65, 47, 7, 38, 9, 49, 43, 21, 66, 52, 55, 13, 22, 67, 39, 18, 57, 61, 25, 6, 11, 48, 3, 20, 60, 30, 42;
69, 71, 15, 33, 12, 67, 1, 19, 66, 6, 25, 70, 32, 4, 61, 10, 63, 13, 40, 43, 64, 30, 59, 36, 24, 56, 62, 45, 48, 52, 31, 9, 18, 39, 34, 26, 8, 17, 55, 46, 3, 50, 49, 53, 22, 54, 16, 28, 42, 60, 7, 21, 27, 11, 38, 37, 2, 68, 65, 51, 14, 58, 47, 41, 57, 20, 44, 5, 29, 23, 35;
26, 21, 10, 35, 31, 43, 24, 30, 64, 3, 2, 63, 20, 50, 60, 58, 9, 28, 29, 8, 54, 53, 71, 13, 72, 47, 55, 44, 7, 61, 5, 18, 4, 39, 42, 15, 41, 32, 49, 45, 23, 25, 17, 40, 16, 22, 73, 62, 46, 36, 37, 6, 68, 12, 19, 48, 52, 38, 67, 56, 66, 33, 70, 27, 34, 11, 69, 57, 51, 14, 65, 1, 59;
27, 59, 31, 11, 41, 63, 60, 79, 64, 53, 65, 54, 17, 9, 5, 58, 24, 38, 66, 4, 29, 13, 22, 44, 48, 49, 61, 15, 25, 30, 42, 26, 21, 14, 28, 56, 62, 78, 7, 37, 6, 36, 12, 47, 18, 67, 50, 20, 33, 40, 39, 8, 71, 45, 2, 74, 68, 55, 70, 76, 72, 35, 32, 16, 19, 77, 3, 57, 34, 43, 23, 52, 46, 10, 73, 69, 51, 75, 1;
2, 5, 47, 36, 39, 71, 14, 52, 64, 13, 69, 79, 1, 68, 32, 24, 73, 72, 33, 15, 63, 70, 74, 4, 41, 82, 60, 55, 61, 50, 26, 3, 49, 56, 57, 46, 9, 31, 12, 54, 59, 35, 75, 8, 21, 81, 51, 43, 37, 11, 7, 48, 65, 62, 58, 20, 76, 23, 67, 27, 45, 34, 28, 44, 16, 29, 53, 17, 77, 38, 66, 6, 40, 42, 10, 25, 19, 18, 30, 78, 80, 83, 22;
81, 6, 50, 3, 76, 61, 37, 38, 33, 82, 58, 78, 1, 41, 71, 59, 89, 83, 85, 60, 10, 16, 56, 42, 86, 68, 13, 53, 77, 57, 75, 31, 36, 4, 18, 19, 27, 45, 43, 7, 2, 28, 66, 32, 30, 63, 22, 79, 21, 74, 9, 5, 24, 65, 52, 40, 67, 80, 44, 47, 39, 55, 73, 26, 62, 48, 23, 49, 15, 17, 35, 72, 29, 34, 8, 54, 70, 64, 51, 88, 25, 14, 11, 46, 12, 20, 69, 87, 84;
94, 17, 92, 75, 56, 47, 51, 42, 58, 54, 93, 49, 23, 96, 1, 97, 28, 41, 35, 27, 79, 50, 90, 44, 81, 85, 18, 78, 52, 83, 70, 82, 26, 4, 9, 74, 59, 8, 62, 86, 19, 15, 30, 31, 66, 84, 68, 40, 7, 37, 91, 89, 33, 21, 11, 32, 57, 3, 34, 77, 71, 6, 76, 69, 22, 13, 46, 63, 67, 60, 87, 48, 24, 16, 20, 12, 39, 29, 55, 73, 2, 61, 72, 36, 80, 25, 53, 38, 88, 64, 65, 10, 14, 5, 43, 45, 95
