2, 1;
3, 1, 2;
3, 1, 4, 5, 2;
3, 1, 4, 6, 7, 5, 2;
4, 9, 11, 6, 10, 7, 8, 2, 1, 3, 5;
10, 3, 4, 2, 1, 8, 12, 13, 9, 5, 11, 6, 7;
11, 2, 9, 7, 6, 3, 5, 15, 1, 13, 16, 17, 4, 12, 10, 8, 14;
17, 3, 14, 8, 18, 1, 15, 16, 4, 11, 19, 13, 2, 12, 5, 7, 9, 10, 6;
17, 19, 18, 16, 23, 7, 21, 2, 5, 8, 11, 1, 20, 4, 9, 14, 15, 10, 22, 3, 12, 6, 13;
28, 29, 1, 17, 14, 20, 6, 9, 23, 10, 4, 22, 5, 2, 18, 8, 11, 15, 24, 7, 25, 3, 21, 19, 27, 13, 16, 12, 26;
20, 8, 5, 15, 4, 13, 2, 30, 23, 18, 21, 29, 6, 24, 19, 1, 10, 25, 28, 16, 31, 9, 7, 22, 14, 27, 12, 3, 26, 17, 11;
7, 16, 14, 9, 6, 26, 20, 8, 25, 12, 33, 19, 3, 11, 10, 5, 15, 31, 22, 4, 17, 18, 21, 2, 30, 28, 29, 1, 37, 36, 27, 13, 32, 24, 35, 23, 34;
4, 7, 38, 31, 22, 11, 36, 26, 40, 33, 27, 24, 12, 6, 32, 25, 37, 20, 41, 15, 30, 2, 14, 21, 39, 13, 3, 10, 28, 17, 5, 18, 23, 1, 34, 9, 16, 8, 19, 29, 35;
32, 33, 7, 16, 20, 27, 6, 15, 31, 21, 24, 14, 12, 38, 18, 37, 13, 35, 23, 1, 43, 41, 22, 39, 3, 30, 40, 34, 36, 17, 29, 25, 5, 11, 10, 28, 8, 19, 4, 9, 2, 42, 26;
40, 41, 31, 1, 35, 33, 2, 37, 26, 30, 34, 18, 7, 28, 42, 10, 23, 14, 16, 38, 6, 5, 20, 27, 45, 9, 47, 36, 43, 22, 39, 44, 24, 32, 46, 8, 25, 12, 13, 11, 4, 29, 15, 21, 19, 3, 17;
41, 8, 18, 6, 34, 19, 53, 16, 45, 30, 5, 32, 46, 2, 28, 44, 15, 39, 11, 21, 13, 22, 24, 29, 17, 35, 50, 47, 23, 7, 33, 26, 27, 49, 3, 4, 43, 36, 14, 31, 51, 12, 25, 48, 52, 38, 40, 10, 9, 20, 37, 1, 42;
16, 58, 1, 57, 28, 31, 55, 51, 27, 33, 18, 5, 35, 9, 24, 48, 8, 2, 15, 4, 11, 46, 6, 38, 23, 40, 56, 59, 44, 13, 43, 53, 17, 20, 30, 32, 29, 34, 36, 39, 52, 12, 21, 3, 41, 10, 25, 47, 37, 45, 54, 26, 50, 7, 49, 42, 22, 19, 14;
22, 18, 45, 60, 27, 61, 1, 31, 55, 56, 36, 34, 2, 50, 20, 16, 29, 52, 11, 54, 40, 38, 53, 58, 49, 41, 17, 14, 44, 47, 21, 30, 42, 32, 46, 10, 23, 39, 25, 9, 35, 57, 26, 12, 13, 24, 6, 37, 8, 15, 28, 4, 43, 19, 3, 59, 7, 33, 5, 51, 48;
36, 26, 56, 16, 47, 23, 40, 52, 62, 25, 13, 17, 50, 12, 55, 11, 20, 15, 46, 4, 58, 32, 37, 34, 39, 14, 42, 60, 19, 48, 53, 67, 64, 28, 43, 27, 65, 1, 66, 22, 38, 54, 7, 8, 10, 5, 33, 31, 44, 18, 3, 29, 51, 35, 6, 21, 61, 49, 24, 63, 45, 30, 41, 2, 57, 59, 9;
6, 16, 61, 15, 8, 55, 10, 57, 43, 69, 51, 2, 5, 40, 63, 27, 13, 67, 32, 71, 18, 48, 28, 20, 64, 34, 41, 44, 21, 47, 62, 7, 19, 46, 3, 65, 50, 23, 70, 52, 1, 4, 42, 30, 35, 9, 31, 49, 66, 29, 11, 37, 22, 24, 38, 53, 54, 26, 58, 25, 59, 68, 33, 45, 39, 17, 12, 36, 56, 14, 60;
32, 46, 30, 38, 11, 50, 55, 72, 43, 69, 60, 14, 36, 47, 63, 65, 52, 5, 4, 49, 9, 10, 45, 35, 66, 23, 28, 39, 42, 70, 15, 44, 21, 12, 8, 64, 33, 29, 56, 62, 25, 2, 40, 13, 17, 67, 54, 6, 7, 57, 19, 73, 27, 58, 22, 41, 24, 68, 71, 51, 61, 34, 16, 3, 59, 1, 31, 53, 37, 20, 18, 48, 26;
16, 74, 58, 51, 33, 53, 40, 2, 22, 30, 76, 6, 12, 20, 28, 34, 3, 68, 29, 71, 35, 61, 24, 15, 54, 52, 73, 38, 65, 36, 64, 69, 31, 9, 18, 19, 13, 50, 11, 62, 41, 17, 1, 47, 14, 45, 56, 66, 46, 7, 4, 77, 49, 59, 37, 67, 79, 26, 78, 43, 44, 39, 8, 48, 23, 75, 63, 42, 10, 5, 70, 21, 27, 55, 60, 32, 25, 57, 72;
58, 47, 3, 46, 65, 50, 52, 9, 74, 10, 57, 40, 54, 33, 63, 66, 82, 35, 18, 39, 21, 32, 72, 8, 7, 44, 78, 11, 6, 73, 17, 75, 5, 60, 31, 12, 16, 38, 77, 37, 30, 15, 20, 51, 79, 14, 68, 23, 2, 41, 61, 48, 70, 22, 27, 45, 59, 19, 49, 25, 26, 43, 4, 71, 56, 13, 55, 67, 81, 69, 36, 53, 42, 29, 64, 1, 80, 62, 24, 83, 28, 76, 34;
74, 20, 58, 10, 48, 37, 66, 57, 44, 39, 50, 82, 51, 12, 55, 80, 19, 17, 89, 22, 15, 47, 8, 4, 83, 54, 46, 72, 77, 53, 85, 69, 43, 33, 81, 16, 36, 61, 41, 28, 13, 6, 65, 56, 75, 38, 59, 14, 78, 87, 88, 29, 21, 63, 2, 40, 71, 7, 34, 79, 18, 35, 25, 76, 60, 27, 23, 73, 32, 70, 62, 42, 26, 67, 31, 5, 11, 84, 68, 45, 52, 24, 30, 3, 49, 64, 9, 1, 86;
16, 24, 92, 20, 89, 27, 85, 58, 32, 37, 14, 54, 13, 75, 70, 86, 61, 65, 55, 91, 4, 95, 30, 21, 72, 60, 17, 42, 25, 40, 5, 53, 88, 82, 63, 78, 2, 39, 90, 57, 59, 22, 56, 41, 71, 83, 19, 8, 81, 38, 46, 6, 31, 64, 35, 43, 69, 9, 1, 97, 96, 77, 23, 11, 10, 79, 51, 50, 18, 7, 52, 73, 48, 3, 87, 93, 28, 47, 67, 26, 15, 49, 45, 12, 33, 44, 84, 62, 34, 68, 66, 36, 29, 74, 76, 80, 94
