2, 1
3, 1, 2
3, 1, 4, 5, 2
4, 7, 6, 2, 1, 5, 3
4, 9, 11, 6, 10, 7, 8, 2, 1, 3, 5
5, 13, 9, 1, 8, 11, 2, 10, 4, 7, 12, 3, 6
4, 8, 16, 2, 9, 1, 10, 12, 14, 3, 13, 7, 5, 17, 6, 15, 11
5, 4, 6, 15, 13, 2, 12, 19, 3, 9, 18, 11, 16, 7, 14, 8, 1, 17, 10
6, 12, 13, 9, 22, 21, 8, 18, 17, 16, 2, 5, 14, 19, 23, 15, 7, 3, 11, 10, 4, 1, 20
22, 13, 1, 24, 23, 12, 8, 18, 15, 3, 9, 4, 5, 19, 16, 2, 20, 27, 10, 17, 14, 28, 29, 25, 6, 26, 7, 11, 21
4, 18, 9, 5, 23, 15, 11, 19, 14, 21, 22, 20, 16, 25, 30, 29, 31, 24, 1, 8, 2, 28, 3, 26, 13, 12, 6, 7, 17, 10, 27
22, 21, 17, 25, 3, 27, 26, 10, 13, 2, 33, 28, 4, 32, 5, 9, 36, 37, 1, 15, 12, 23, 16, 11, 29, 8, 35, 14, 19, 7, 24, 30, 20, 31, 18, 6, 34
21, 5, 14, 41, 32, 4, 35, 16, 23, 39, 3, 22, 1, 8, 9, 24, 30, 40, 38, 36, 15, 37, 6, 33, 13, 29, 27, 10, 26, 2, 28, 20, 7, 31, 11, 18, 25, 17, 34, 12, 19
37, 21, 2, 15, 38, 23, 10, 3, 7, 1, 31, 35, 22, 14, 6, 12, 16, 34, 25, 4, 24, 28, 17, 40, 19, 43, 30, 13, 5, 11, 32, 29, 33, 26, 18, 27, 20, 42, 36, 41, 9, 39, 8
42, 41, 40, 10, 4, 18, 24, 36, 38, 16, 25, 5, 21, 14, 34, 12, 17, 45, 33, 11, 47, 43, 27, 7, 31, 28, 8, 26, 20, 44, 9, 35, 19, 2, 29, 39, 23, 3, 30, 13, 32, 15, 46, 1, 6, 22, 37
41, 14, 2, 18, 34, 6, 51, 47, 35, 48, 10, 21, 46, 19, 45, 1, 13, 12, 53, 43, 28, 4, 22, 42, 52, 30, 27, 38, 8, 36, 16, 49, 40, 39, 29, 20, 31, 17, 33, 44, 37, 3, 7, 26, 32, 15, 9, 5, 24, 11, 23, 50, 25
43, 22, 33, 32, 38, 1, 20, 4, 48, 55, 6, 52, 49, 34, 40, 11, 59, 30, 14, 54, 29, 42, 5, 47, 8, 31, 39, 24, 2, 27, 10, 45, 26, 35, 3, 12, 23, 56, 58, 44, 28, 18, 9, 19, 25, 46, 50, 16, 15, 17, 37, 21, 53, 41, 13, 36, 51, 7, 57
27, 41, 5, 14, 20, 37, 54, 4, 6, 50, 17, 57, 2, 18, 25, 10, 21, 11, 39, 28, 9, 23, 34, 15, 51, 55, 3, 7, 56, 38, 60, 52, 33, 47, 58, 31, 43, 1, 46, 26, 48, 19, 35, 32, 42, 30, 29, 22, 36, 61, 8, 16, 44, 24, 53, 59, 49, 12, 13, 40, 45
42, 56, 18, 59, 34, 52, 13, 67, 38, 39, 60, 16, 26, 17, 37, 5, 6, 49, 31, 44, 66, 50, 61, 19, 25, 43, 15, 54, 14, 3, 58, 36, 24, 1, 65, 51, 21, 46, 55, 10, 48, 45, 9, 12, 20, 40, 8, 57, 23, 4, 11, 63, 30, 53, 33, 7, 27, 35, 22, 29, 28, 2, 41, 32, 47, 64, 62
58, 15, 4, 70, 34, 35, 7, 21, 48, 9, 37, 49, 45, 65, 39, 44, 3, 68, 25, 22, 63, 38, 36, 59, 6, 51, 23, 69, 71, 67, 1, 16, 46, 55, 54, 41, 5, 64, 40, 53, 30, 18, 26, 43, 32, 14, 12, 20, 13, 28, 2, 57, 10, 56, 27, 50, 24, 62, 66, 52, 42, 29, 33, 31, 19, 11, 8, 61, 60, 17, 47
58, 12, 23, 13, 19, 1, 30, 33, 61, 41, 55, 3, 27, 28, 72, 39, 59, 21, 66, 52, 20, 16, 18, 73, 5, 46, 45, 44, 32, 4, 67, 24, 48, 47, 50, 11, 57, 25, 38, 42, 51, 43, 65, 35, 9, 7, 68, 53, 2, 36, 31, 60, 8, 62, 37, 49, 10, 63, 15, 6, 14, 64, 71, 40, 70, 34, 54, 29, 69, 17, 56, 22, 26
79, 75, 74, 57, 52, 21, 15, 72, 30, 31, 12, 53, 71, 38, 17, 14, 24, 42, 33, 3, 16, 59, 63, 70, 47, 32, 25, 10, 39, 43, 9, 28, 5, 60, 69, 13, 56, 55, 46, 68, 54, 20, 2, 45, 48, 19, 73, 76, 51, 65, 4, 6, 26, 27, 34, 50, 37, 40, 7, 58, 18, 49, 64, 35, 8, 22, 67, 61, 62, 41, 36, 1, 78, 77, 66, 11, 29, 23, 44
82, 59, 65, 26, 73, 51, 63, 23, 16, 45, 49, 9, 68, 12, 3, 70, 4, 55, 34, 2, 14, 56, 1, 37, 32, 72, 60, 64, 33, 46, 5, 38, 13, 8, 28, 30, 83, 15, 58, 61, 19, 76, 17, 43, 62, 41, 18, 54, 21, 79, 57, 80, 6, 36, 24, 27, 74, 44, 48, 69, 81, 22, 29, 42, 11, 10, 40, 78, 77, 7, 71, 75, 35, 31, 25, 67, 53, 66, 39, 50, 47, 20, 52
19, 63, 42, 16, 31, 62, 33, 59, 83, 85, 32, 66, 58, 28, 77, 38, 41, 68, 49, 14, 61, 84, 4, 65, 12, 35, 60, 80, 76, 6, 20, 15, 43, 52, 81, 17, 69, 23, 79, 72, 1, 8, 30, 11, 27, 2, 22, 18, 56, 47, 34, 36, 73, 57, 74, 24, 53, 39, 86, 50, 55, 75, 3, 44, 9, 21, 64, 10, 37, 5, 7, 70, 54, 48, 67, 89, 40, 78, 51, 13, 71, 29, 26, 88, 87, 45, 82, 46, 25
80, 37, 36, 50, 56, 30, 52, 82, 14, 38, 59, 89, 63, 23, 40, 55, 49, 11, 61, 34, 66, 53, 78, 67, 57, 95, 76, 54, 60, 64, 74, 72, 41, 94, 81, 39, 87, 24, 79, 77, 44, 48, 70, 3, 35, 84, 28, 26, 46, 12, 73, 13, 45, 22, 33, 5, 32, 18, 47, 83, 65, 9, 75, 96, 90, 2, 25, 31, 71, 20, 85, 21, 91, 6, 27, 16, 88, 43, 62, 29, 93, 15, 8, 68, 17, 51, 10, 58, 92, 1, 97, 4, 86, 69, 19, 42, 7
