2, 1;
2, 3, 1;
3, 1, 4, 5, 2;
4, 7, 6, 2, 1, 5, 3;
4, 9, 11, 6, 10, 7, 8, 2, 1, 3, 5;
4, 2, 1, 8, 3, 10, 5, 11, 12, 13, 9, 6, 7;
9, 3, 17, 6, 15, 1, 4, 13, 14, 5, 8, 16, 7, 2, 12, 10, 11;
8, 2, 17, 12, 9, 18, 10, 7, 11, 6, 19, 16, 4, 1, 14, 13, 3, 15, 5;
10, 3, 6, 4, 15, 16, 20, 14, 2, 11, 8, 7, 22, 12, 5, 19, 1, 18, 21, 13, 9, 17, 23;
27, 22, 5, 2, 21, 10, 1, 14, 28, 15, 19, 20, 7, 3, 23, 17, 13, 12, 25, 6, 9, 24, 18, 26, 11, 4, 16, 8, 29;
2, 4, 12, 10, 20, 5, 23, 8, 11, 24, 27, 18, 1, 15, 26, 7, 25, 28, 6, 19, 13, 29, 22, 3, 17, 16, 31, 9, 14, 30, 21;
15, 29, 16, 18, 33, 21, 24, 11, 2, 17, 30, 10, 20, 19, 26, 12, 1, 13, 27, 14, 23, 5, 7, 8, 37, 9, 36, 6, 3, 31, 32, 4, 25, 34, 28, 35, 22;
9, 39, 10, 16, 15, 19, 36, 41, 32, 23, 11, 5, 7, 28, 40, 31, 21, 26, 17, 12, 6, 2, 25, 14, 8, 30, 27, 4, 37, 22, 34, 33, 3, 1, 38, 18, 24, 29, 13, 20, 35;
27, 39, 16, 29, 24, 19, 42, 5, 37, 6, 40, 28, 11, 23, 22, 36, 9, 10, 7, 30, 20, 1, 12, 35, 4, 13, 31, 32, 38, 14, 33, 18, 15, 3, 41, 21, 34, 25, 43, 8, 2, 26, 17;
19, 22, 45, 38, 1, 20, 31, 40, 12, 43, 6, 4, 46, 26, 11, 28, 30, 27, 17, 42, 18, 36, 37, 3, 41, 15, 35, 34, 16, 14, 47, 8, 13, 9, 32, 39, 25, 33, 5, 44, 23, 29, 24, 7, 2, 10, 21;
36, 38, 31, 32, 26, 3, 17, 7, 11, 5, 51, 41, 2, 25, 39, 8, 42, 24, 47, 1, 33, 28, 49, 13, 14, 19, 44, 34, 21, 27, 15, 52, 40, 9, 37, 6, 48, 10, 20, 12, 30, 45, 23, 29, 4, 46, 53, 22, 16, 50, 18, 35, 43;
39, 48, 6, 8, 35, 23, 52, 2, 46, 51, 15, 9, 44, 43, 53, 19, 28, 58, 59, 16, 17, 14, 3, 31, 5, 40, 21, 11, 56, 25, 32, 42, 27, 12, 49, 38, 37, 7, 10, 36, 41, 20, 55, 47, 45, 33, 24, 18, 26, 50, 1, 57, 4, 30, 22, 34, 13, 29, 54;
18, 16, 15, 53, 36, 9, 25, 48, 6, 41, 39, 12, 54, 34, 61, 55, 28, 40, 33, 46, 11, 50, 52, 45, 14, 26, 24, 23, 49, 37, 17, 42, 38, 20, 3, 8, 51, 57, 29, 21, 60, 47, 56, 2, 31, 19, 32, 13, 1, 59, 22, 30, 5, 35, 7, 43, 44, 27, 10, 4, 58;
55, 62, 24, 63, 1, 34, 14, 6, 38, 66, 31, 67, 26, 64, 17, 25, 54, 35, 65, 61, 42, 36, 29, 21, 58, 37, 9, 8, 7, 20, 60, 19, 18, 15, 53, 41, 4, 47, 46, 10, 13, 22, 43, 32, 48, 12, 50, 56, 51, 3, 30, 40, 49, 44, 11, 23, 27, 57, 16, 33, 45, 5, 52, 59, 2, 28, 39;
23, 45, 57, 70, 71, 69, 36, 18, 31, 66, 2, 15, 5, 19, 13, 16, 59, 44, 37, 48, 40, 56, 25, 17, 10, 14, 11, 6, 62, 38, 26, 22, 51, 47, 35, 61, 43, 24, 63, 20, 55, 34, 4, 50, 52, 41, 12, 3, 27, 67, 54, 29, 7, 30, 64, 33, 49, 39, 60, 32, 53, 8, 9, 28, 46, 65, 58, 21, 42, 68, 1;
70, 26, 27, 40, 63, 13, 23, 61, 2, 11, 64, 37, 44, 49, 19, 15, 65, 1, 22, 72, 41, 9, 30, 60, 25, 28, 4, 43, 58, 68, 62, 33, 31, 69, 54, 67, 52, 66, 53, 24, 48, 55, 50, 5, 38, 57, 45, 8, 18, 10, 73, 36, 3, 12, 20, 47, 71, 32, 56, 59, 51, 21, 46, 42, 14, 34, 29, 6, 17, 7, 16, 39, 35;
61, 11, 59, 52, 27, 29, 50, 54, 56, 39, 55, 66, 47, 24, 43, 37, 78, 63, 79, 3, 13, 20, 62, 22, 19, 15, 31, 23, 70, 58, 18, 17, 57, 6, 69, 71, 2, 76, 32, 35, 40, 48, 4, 65, 38, 77, 68, 45, 5, 49, 30, 12, 46, 14, 21, 26, 42, 60, 33, 9, 36, 41, 44, 67, 74, 7, 8, 28, 10, 16, 72, 64, 25, 51, 53, 34, 73, 1, 75;
75, 14, 8, 34, 51, 29, 17, 9, 71, 70, 20, 68, 61, 59, 46, 2, 82, 83, 27, 73, 43, 5, 64, 11, 30, 44, 37, 47, 24, 57, 12, 79, 39, 81, 56, 33, 50, 32, 69, 31, 48, 22, 21, 28, 53, 35, 60, 7, 23, 67, 18, 25, 40, 80, 6, 72, 16, 49, 1, 77, 55, 65, 13, 19, 63, 3, 36, 62, 4, 66, 45, 26, 42, 58, 41, 78, 54, 52, 15, 38, 10, 74, 76;
32, 53, 43, 2, 68, 83, 11, 39, 60, 31, 29, 34, 75, 41, 21, 81, 8, 14, 44, 12, 13, 55, 79, 46, 40, 51, 66, 33, 36, 6, 27, 22, 3, 24, 19, 38, 54, 20, 63, 80, 49, 87, 47, 71, 30, 28, 5, 72, 4, 9, 17, 67, 78, 62, 69, 74, 25, 70, 58, 88, 82, 45, 10, 52, 84, 61, 86, 89, 77, 73, 1, 85, 64, 18, 35, 16, 42, 76, 7, 56, 59, 50, 57, 26, 65, 23, 48, 15, 37;
4, 22, 24, 18, 63, 12, 67, 97, 93, 51, 92, 23, 65, 20, 14, 8, 10, 28, 85, 38, 70, 45, 36, 66, 56, 26, 41, 76, 30, 40, 6, 46, 71, 27, 7, 9, 17, 68, 84, 81, 95, 19, 91, 79, 50, 54, 32, 89, 47, 25, 64, 48, 11, 78, 42, 13, 53, 2, 49, 15, 31, 62, 37, 39, 75, 60, 82, 29, 59, 90, 34, 77, 52, 86, 16, 69, 1, 94, 58, 96, 3, 72, 55, 33, 57, 83, 80, 21, 35, 61, 87, 5, 44, 43, 74, 73, 88
