2, 1
3, 1, 2
3, 1, 4, 5, 2
4, 7, 6, 2, 1, 5, 3
6, 11, 9, 4, 10, 7, 8, 2, 1, 3, 5
3, 13, 9, 8, 1, 10, 12, 4, 2, 5, 11, 6, 7
15, 9, 5, 13, 16, 17, 1, 11, 4, 12, 2, 8, 7, 6, 3, 10, 14
6, 8, 19, 15, 11, 9, 16, 3, 14, 7, 1, 18, 4, 10, 2, 12, 13, 5, 17
15, 17, 1, 23, 2, 10, 21, 22, 19, 6, 7, 3, 5, 13, 9, 14, 8, 12, 20, 18, 4, 11, 16
24, 28, 6, 22, 8, 17, 12, 21, 15, 9, 29, 11, 26, 1, 23, 5, 19, 25, 2, 3, 10, 4, 16, 13, 27, 7, 18, 14, 20
7, 9, 4, 6, 13, 5, 12, 10, 2, 19, 20, 21, 23, 29, 16, 14, 18, 22, 25, 28, 15, 17, 3, 26, 11, 8, 1, 31, 30, 27, 24
15, 9, 7, 4, 14, 6, 27, 23, 12, 33, 17, 19, 22, 2, 5, 10, 32, 8, 28, 26, 25, 20, 18, 3, 11, 35, 21, 13, 30, 29, 24, 16, 31, 36, 37, 1, 34
15, 27, 40, 6, 2, 17, 38, 4, 26, 25, 35, 34, 33, 31, 7, 8, 3, 16, 20, 36, 39, 21, 22, 14, 9, 12, 11, 28, 18, 13, 41, 32, 30, 29, 10, 1, 19, 23, 5, 37, 24
26, 4, 40, 42, 41, 36, 38, 5, 10, 27, 37, 25, 1, 29, 43, 16, 13, 32, 31, 3, 18, 12, 23, 28, 30, 8, 35, 9, 20, 15, 17, 22, 24, 34, 2, 39, 7, 19, 11, 14, 6, 21, 33
26, 13, 38, 34, 6, 3, 32, 14, 39, 15, 42, 17, 19, 47, 41, 24, 44, 46, 21, 28, 8, 10, 4, 45, 27, 2, 7, 9, 40, 23, 16, 18, 36, 25, 31, 35, 43, 1, 12, 29, 22, 5, 37, 20, 33, 11, 30
46, 36, 17, 37, 47, 45, 16, 24, 12, 43, 4, 2, 15, 26, 1, 53, 52, 20, 31, 34, 38, 11, 9, 29, 41, 33, 49, 6, 13, 30, 21, 44, 25, 3, 39, 48, 28, 14, 51, 40, 42, 10, 7, 19, 23, 27, 8, 5, 18, 32, 35, 22, 50
29, 15, 9, 11, 14, 8, 7, 53, 13, 28, 51, 33, 16, 42, 40, 2, 41, 43, 46, 34, 31, 37, 24, 12, 32, 52, 18, 39, 22, 30, 23, 20, 19, 38, 4, 35, 58, 47, 5, 48, 10, 50, 57, 6, 45, 25, 3, 27, 21, 55, 1, 59, 49, 44, 36, 17, 54, 26, 56
44, 4, 8, 61, 42, 29, 56, 17, 25, 21, 11, 48, 27, 23, 60, 3, 28, 22, 6, 39, 40, 45, 20, 15, 38, 24, 18, 12, 46, 34, 5, 7, 57, 58, 47, 2, 31, 19, 41, 9, 49, 53, 32, 55, 1, 37, 51, 50, 16, 35, 10, 13, 30, 14, 52, 26, 33, 43, 59, 36, 54
38, 48, 16, 21, 7, 39, 14, 57, 18, 49, 13, 3, 43, 41, 54, 61, 22, 40, 35, 51, 36, 11, 31, 6, 64, 47, 32, 56, 10, 28, 67, 63, 50, 33, 45, 15, 29, 20, 37, 2, 53, 59, 44, 27, 9, 17, 42, 23, 24, 34, 1, 66, 52, 8, 19, 25, 60, 26, 58, 55, 4, 62, 12, 30, 5, 46, 65
16, 5, 61, 37, 48, 58, 17, 53, 55, 10, 52, 54, 49, 68, 51, 71, 19, 70, 31, 13, 60, 45, 59, 28, 4, 41, 8, 15, 2, 7, 32, 22, 34, 20, 46, 35, 18, 25, 14, 6, 40, 69, 63, 64, 65, 27, 24, 33, 21, 67, 11, 66, 56, 36, 39, 26, 38, 23, 12, 43, 44, 29, 62, 50, 57, 30, 1, 3, 42, 47, 9
18, 51, 44, 64, 60, 23, 61, 57, 54, 30, 65, 59, 28, 55, 68, 72, 1, 67, 21, 41, 49, 19, 37, 6, 50, 46, 29, 10, 42, 47, 25, 17, 71, 36, 33, 5, 24, 62, 34, 39, 14, 40, 66, 9, 73, 58, 2, 56, 26, 8, 31, 70, 4, 43, 11, 52, 7, 53, 48, 22, 32, 35, 3, 12, 63, 69, 13, 20, 38, 27, 45, 15, 16
17, 19, 2, 21, 66, 8, 35, 47, 6, 70, 68, 43, 29, 58, 63, 36, 61, 44, 71, 42, 52, 31, 10, 26, 23, 33, 1, 3, 62, 56, 40, 59, 11, 60, 24, 53, 15, 9, 75, 72, 14, 55, 30, 65, 13, 7, 18, 27, 45, 79, 48, 22, 38, 46, 4, 49, 5, 41, 51, 12, 16, 76, 64, 37, 67, 69, 25, 57, 32, 50, 78, 74, 28, 20, 54, 73, 39, 34, 77
3, 49, 50, 26, 36, 16, 59, 6, 61, 18, 64, 9, 21, 67, 70, 37, 39, 76, 11, 45, 28, 77, 14, 69, 72, 57, 73, 65, 15, 80, 47, 2, 44, 55, 27, 25, 24, 8, 53, 78, 13, 12, 66, 82, 51, 60, 46, 54, 32, 43, 23, 62, 34, 20, 5, 71, 81, 41, 7, 83, 48, 56, 63, 75, 40, 35, 19, 10, 74, 22, 31, 38, 17, 33, 52, 79, 1, 4, 30, 68, 29, 42, 58
59, 15, 67, 24, 61, 70, 62, 66, 5, 12, 73, 32, 56, 27, 41, 89, 34, 48, 82, 30, 55, 47, 36, 88, 19, 44, 63, 84, 37, 20, 23, 9, 50, 11, 78, 74, 65, 71, 17, 51, 43, 26, 40, 46, 1, 35, 6, 38, 58, 21, 80, 31, 49, 69, 86, 60, 68, 25, 57, 22, 72, 7, 42, 54, 18, 45, 10, 3, 75, 76, 87, 4, 39, 52, 85, 83, 81, 53, 33, 28, 79, 64, 16, 14, 29, 13, 77, 2, 8
94, 73, 90, 66, 28, 70, 2, 54, 8, 6, 89, 36, 49, 1, 12, 46, 50, 93, 19, 20, 44, 82, 96, 53, 13, 39, 92, 56, 11, 80, 95, 77, 81, 22, 7, 75, 23, 24, 79, 42, 97, 76, 9, 78, 74, 15, 62, 21, 10, 35, 61, 83, 87, 85, 65, 67, 40, 88, 64, 18, 27, 26, 14, 55, 59, 41, 5, 68, 47, 32, 29, 60, 51, 43, 48, 17, 84, 86, 52, 3, 37, 91, 25, 38, 33, 31, 34, 71, 30, 45, 63, 4, 69, 16, 57, 72, 58
