2, 1
3, 1, 2
3, 1, 4, 5, 2
4, 7, 6, 2, 1, 5, 3
2, 3, 8, 10, 6, 11, 9, 7, 1, 4, 5
4, 5, 13, 3, 11, 8, 12, 1, 2, 10, 9, 6, 7
4, 8, 7, 17, 16, 5, 1, 11, 10, 6, 2, 3, 15, 13, 14, 9, 12
6, 14, 12, 3, 9, 10, 2, 13, 15, 11, 8, 19, 16, 17, 1, 18, 7, 5, 4
8, 2, 15, 3, 1, 14, 18, 5, 23, 17, 19, 6, 7, 4, 10, 16, 20, 21, 22, 12, 11, 13, 9
12, 27, 21, 8, 22, 19, 3, 26, 6, 18, 5, 14, 11, 17, 29, 23, 9, 24, 1, 13, 28, 25, 10, 2, 20, 15, 4, 7, 16
12, 8, 6, 9, 2, 15, 4, 17, 30, 5, 7, 10, 14, 27, 18, 29, 26, 3, 24, 21, 20, 1, 25, 31, 11, 19, 28, 23, 16, 13, 22
9, 14, 29, 37, 32, 16, 11, 12, 5, 23, 10, 24, 3, 2, 4, 15, 27, 36, 30, 6, 22, 18, 35, 1, 25, 19, 17, 8, 26, 13, 7, 28, 33, 20, 31, 21, 34
39, 21, 14, 25, 20, 24, 9, 7, 41, 16, 10, 13, 34, 17, 28, 8, 19, 15, 35, 23, 12, 3, 29, 26, 36, 31, 1, 27, 33, 30, 37, 2, 5, 4, 40, 6, 32, 11, 22, 38, 18
14, 4, 32, 25, 16, 29, 39, 12, 13, 1, 35, 3, 38, 15, 2, 23, 42, 26, 43, 18, 6, 41, 5, 10, 19, 30, 34, 22, 33, 37, 20, 9, 36, 28, 40, 31, 8, 17, 11, 27, 21, 24, 7
8, 23, 14, 33, 3, 41, 27, 18, 20, 17, 31, 5, 7, 34, 4, 47, 19, 9, 2, 39, 21, 26, 29, 1, 44, 42, 25, 38, 6, 40, 36, 32, 16, 11, 15, 28, 45, 13, 24, 22, 35, 10, 12, 30, 46, 37, 43
52, 1, 53, 28, 15, 34, 31, 9, 13, 2, 10, 18, 24, 50, 3, 8, 38, 39, 48, 20, 36, 46, 32, 16, 14, 33, 19, 43, 30, 5, 45, 21, 6, 7, 11, 49, 27, 42, 23, 4, 44, 37, 12, 25, 41, 17, 26, 29, 22, 40, 35, 47, 51
25, 4, 47, 14, 9, 51, 54, 58, 44, 48, 12, 8, 41, 28, 18, 35, 52, 42, 40, 16, 34, 29, 22, 3, 45, 53, 19, 38, 17, 2, 33, 30, 10, 57, 1, 56, 31, 24, 11, 36, 26, 13, 49, 21, 39, 5, 15, 37, 32, 59, 7, 50, 46, 6, 27, 23, 43, 20, 55
23, 49, 61, 12, 53, 40, 56, 11, 38, 37, 39, 26, 52, 22, 45, 9, 47, 44, 42, 20, 35, 4, 50, 60, 57, 31, 34, 33, 6, 7, 36, 10, 25, 54, 19, 29, 21, 46, 59, 1, 58, 43, 14, 8, 30, 5, 18, 16, 15, 51, 13, 27, 17, 55, 41, 24, 32, 48, 2, 3, 28
58, 64, 38, 52, 24, 4, 37, 14, 29, 10, 18, 35, 41, 20, 56, 65, 5, 36, 46, 43, 39, 23, 3, 42, 44, 1, 33, 2, 48, 49, 47, 34, 27, 53, 22, 13, 54, 21, 61, 28, 16, 25, 8, 12, 32, 30, 7, 6, 9, 51, 62, 50, 60, 19, 15, 63, 57, 40, 59, 17, 11, 45, 31, 66, 26, 67, 55
12, 11, 45, 47, 41, 14, 23, 33, 69, 17, 57, 37, 67, 49, 7, 70, 62, 53, 59, 58, 68, 28, 15, 55, 1, 19, 44, 36, 46, 13, 6, 60, 61, 66, 65, 5, 63, 4, 39, 9, 18, 25, 20, 32, 16, 56, 31, 8, 30, 64, 42, 43, 50, 51, 3, 24, 26, 10, 22, 54, 38, 40, 2, 34, 71, 48, 29, 27, 52, 21, 35
13, 66, 24, 17, 33, 47, 64, 45, 51, 48, 46, 49, 50, 22, 73, 57, 8, 38, 70, 7, 26, 36, 12, 62, 65, 29, 28, 35, 1, 54, 32, 11, 39, 2, 61, 16, 15, 67, 5, 30, 68, 31, 34, 60, 56, 21, 25, 41, 63, 19, 58, 53, 23, 37, 55, 52, 27, 72, 9, 4, 59, 40, 6, 3, 43, 42, 14, 20, 18, 71, 44, 10, 69
16, 15, 55, 67, 71, 47, 11, 32, 22, 3, 43, 62, 79, 30, 45, 33, 46, 68, 1, 76, 34, 51, 10, 54, 7, 23, 49, 14, 66, 17, 2, 48, 19, 73, 56, 42, 38, 41, 8, 4, 59, 74, 52, 75, 31, 77, 28, 37, 39, 12, 57, 53, 26, 44, 40, 21, 58, 36, 72, 63, 35, 69, 13, 27, 65, 9, 24, 5, 6, 25, 18, 50, 78, 61, 64, 29, 70, 20, 60
20, 33, 67, 14, 22, 64, 70, 75, 23, 32, 10, 41, 50, 59, 7, 19, 52, 27, 30, 25, 44, 11, 45, 26, 8, 36, 54, 74, 46, 12, 16, 35, 15, 73, 57, 21, 13, 48, 81, 37, 31, 72, 34, 78, 76, 60, 47, 39, 4, 68, 53, 28, 51, 58, 17, 6, 18, 3, 49, 63, 43, 61, 38, 40, 42, 55, 29, 5, 2, 77, 71, 65, 24, 9, 69, 56, 62, 79, 1, 83, 82, 66, 80
48, 7, 77, 19, 57, 84, 88, 30, 76, 66, 34, 79, 83, 44, 70, 80, 24, 52, 49, 50, 69, 10, 46, 16, 59, 39, 78, 29, 87, 27, 53, 42, 22, 33, 25, 56, 65, 20, 5, 54, 40, 2, 8, 11, 71, 85, 72, 14, 21, 64, 55, 45, 36, 43, 74, 26, 58, 9, 4, 89, 28, 60, 67, 41, 35, 75, 68, 18, 15, 73, 38, 32, 61, 51, 62, 31, 6, 13, 47, 82, 12, 37, 81, 17, 63, 86, 3, 1, 23
5, 21, 64, 3, 20, 24, 67, 63, 19, 87, 46, 41, 42, 95, 48, 14, 52, 77, 89, 30, 97, 10, 50, 6, 93, 44, 92, 49, 28, 39, 70, 71, 47, 75, 25, 36, 8, 37, 34, 26, 13, 79, 88, 57, 56, 60, 83, 55, 31, 1, 40, 96, 80, 94, 90, 51, 9, 16, 35, 53, 61, 65, 76, 81, 23, 33, 17, 7, 59, 74, 27, 72, 85, 68, 15, 2, 66, 73, 62, 22, 18, 45, 86, 84, 69, 11, 4, 43, 32, 38, 58, 54, 29, 91, 78, 82, 12
