2, 1;
2, 3, 1;
3, 1, 4, 5, 2;
4, 7, 6, 2, 1, 5, 3;
3, 8, 2, 10, 6, 11, 9, 7, 1, 4, 5;
4, 11, 10, 3, 2, 1, 5, 9, 13, 12, 8, 6, 7;
8, 3, 12, 5, 14, 4, 2, 7, 6, 9, 17, 10, 16, 11, 1, 15, 13;
8, 5, 16, 12, 19, 9, 10, 6, 3, 7, 13, 14, 4, 2, 18, 11, 1, 17, 15;
10, 8, 3, 12, 2, 5, 16, 19, 4, 14, 11, 6, 18, 15, 9, 20, 23, 7, 13, 1, 22, 17, 21;
5, 24, 25, 17, 11, 22, 23, 18, 16, 13, 12, 10, 21, 1, 7, 8, 6, 9, 2, 15, 28, 4, 26, 20, 3, 14, 29, 27, 19;
23, 13, 30, 17, 16, 25, 11, 12, 29, 22, 3, 27, 7, 9, 2, 10, 14, 6, 18, 8, 28, 15, 20, 24, 31, 21, 19, 5, 26, 1, 4;
18, 32, 30, 24, 36, 35, 12, 20, 29, 34, 7, 1, 2, 33, 23, 13, 15, 11, 22, 17, 8, 26, 9, 3, 25, 6, 21, 10, 37, 31, 4, 16, 28, 14, 5, 27, 19;
16, 26, 31, 20, 22, 37, 6, 18, 3, 35, 41, 27, 24, 34, 10, 29, 4, 14, 28, 13, 8, 17, 5, 30, 21, 38, 11, 9, 15, 19, 12, 25, 33, 2, 39, 36, 40, 32, 23, 1, 7;
40, 12, 43, 17, 34, 38, 10, 8, 5, 19, 14, 35, 27, 2, 23, 16, 13, 6, 7, 37, 24, 29, 31, 33, 11, 28, 32, 4, 41, 25, 15, 30, 20, 26, 3, 22, 1, 39, 18, 42, 9, 21, 36;
20, 25, 42, 12, 9, 39, 35, 24, 22, 43, 32, 21, 19, 29, 44, 16, 11, 30, 37, 27, 41, 15, 40, 5, 17, 8, 18, 3, 26, 23, 33, 14, 2, 46, 1, 47, 38, 36, 31, 34, 13, 4, 10, 6, 28, 7, 45;
45, 14, 36, 19, 51, 15, 44, 20, 4, 29, 22, 3, 53, 12, 21, 17, 46, 52, 33, 43, 28, 23, 35, 18, 49, 6, 32, 42, 41, 2, 26, 40, 10, 48, 8, 30, 7, 47, 27, 13, 34, 37, 1, 5, 31, 11, 25, 9, 50, 39, 24, 38, 16;
52, 6, 50, 9, 22, 17, 48, 53, 59, 55, 27, 20, 5, 21, 16, 41, 45, 13, 7, 29, 46, 2, 8, 36, 24, 42, 26, 49, 44, 12, 47, 33, 30, 31, 34, 38, 25, 19, 35, 3, 28, 18, 54, 15, 23, 56, 58, 37, 10, 43, 32, 4, 40, 39, 1, 11, 51, 14, 57;
41, 54, 52, 48, 26, 11, 55, 44, 23, 16, 29, 43, 7, 24, 20, 33, 12, 49, 21, 31, 60, 61, 1, 40, 3, 36, 4, 8, 51, 14, 25, 17, 37, 53, 47, 22, 18, 19, 10, 50, 5, 39, 15, 28, 42, 46, 6, 2, 30, 56, 59, 38, 9, 13, 32, 45, 57, 34, 35, 27, 58;
33, 41, 2, 44, 13, 57, 28, 20, 59, 62, 61, 1, 30, 15, 14, 39, 10, 6, 26, 19, 40, 51, 58, 4, 35, 56, 54, 23, 36, 55, 9, 24, 27, 67, 3, 21, 38, 53, 42, 5, 22, 17, 43, 18, 8, 52, 34, 48, 12, 65, 7, 11, 37, 47, 29, 49, 45, 64, 50, 32, 16, 25, 46, 31, 60, 63, 66;
44, 18, 32, 42, 36, 37, 24, 54, 53, 3, 6, 67, 50, 22, 34, 9, 35, 13, 65, 31, 66, 27, 11, 19, 20, 48, 33, 4, 62, 47, 8, 63, 64, 55, 26, 56, 28, 12, 16, 45, 17, 2, 10, 60, 14, 5, 21, 41, 30, 57, 70, 1, 69, 25, 59, 46, 40, 51, 43, 58, 15, 23, 7, 52, 71, 68, 39, 29, 49, 61, 38;
25, 3, 19, 35, 13, 9, 51, 16, 27, 24, 33, 40, 69, 55, 56, 43, 68, 2, 57, 4, 48, 36, 45, 14, 41, 29, 60, 50, 11, 12, 63, 23, 52, 53, 18, 6, 72, 1, 28, 37, 65, 17, 32, 30, 21, 67, 42, 26, 49, 22, 5, 61, 34, 10, 31, 15, 38, 47, 20, 39, 54, 44, 46, 8, 59, 71, 70, 73, 66, 7, 58, 64, 62;
15, 61, 23, 2, 75, 29, 10, 54, 9, 51, 5, 58, 63, 25, 33, 49, 70, 26, 59, 13, 4, 36, 50, 32, 52, 73, 19, 76, 30, 46, 14, 35, 22, 66, 74, 60, 77, 68, 1, 71, 17, 40, 78, 79, 47, 6, 16, 8, 56, 31, 34, 20, 39, 43, 62, 12, 45, 55, 21, 38, 37, 64, 18, 42, 53, 69, 7, 28, 67, 24, 3, 27, 44, 48, 65, 57, 72, 41, 11;
8, 14, 68, 1, 25, 23, 30, 26, 79, 63, 18, 80, 72, 31, 69, 17, 28, 2, 78, 70, 62, 60, 4, 61, 32, 82, 11, 29, 42, 54, 48, 10, 77, 43, 75, 36, 5, 6, 34, 22, 51, 9, 38, 27, 65, 24, 53, 50, 49, 13, 19, 67, 35, 33, 76, 81, 41, 59, 3, 58, 55, 20, 46, 56, 15, 37, 7, 74, 83, 44, 64, 12, 21, 73, 39, 47, 66, 52, 71, 40, 57, 45, 16;
72, 21, 69, 23, 35, 57, 64, 24, 9, 20, 30, 76, 31, 42, 6, 58, 54, 52, 38, 48, 17, 87, 68, 41, 88, 51, 81, 33, 56, 59, 89, 45, 29, 75, 14, 60, 53, 5, 11, 62, 32, 49, 22, 78, 34, 28, 65, 63, 86, 36, 4, 8, 19, 79, 50, 67, 39, 61, 3, 43, 27, 83, 80, 10, 47, 66, 25, 15, 40, 2, 12, 26, 44, 77, 1, 84, 74, 55, 16, 37, 13, 7, 18, 71, 46, 73, 70, 85, 82;
11, 81, 13, 22, 63, 73, 28, 77, 8, 75, 79, 65, 6, 26, 74, 89, 25, 78, 31, 40, 83, 51, 91, 44, 30, 85, 76, 42, 49, 87, 71, 66, 62, 70, 84, 29, 21, 97, 59, 86, 36, 57, 50, 60, 80, 15, 2, 93, 47, 64, 14, 9, 18, 45, 92, 7, 55, 39, 58, 61, 16, 95, 38, 96, 56, 46, 52, 1, 94, 10, 43, 37, 4, 3, 20, 88, 27, 54, 33, 12, 48, 24, 35, 17, 72, 19, 41, 68, 69, 67, 34, 82, 90, 32, 5, 53, 23
